0.4666666666666667 0.18993506493506493
0.4650793650793651 0.19155844155844157
0.4492063492063492 0.19155844155844157
0.44761904761904764 0.19318181818181818
0.44126984126984126 0.19318181818181818
0.4396825396825397 0.19480519480519481
0.4301587301587302 0.19480519480519481
0.42857142857142855 0.19642857142857142
0.4253968253968254 0.19642857142857142
0.4238095238095238 0.19805194805194806
0.4158730158730159 0.19805194805194806
0.4142857142857143 0.19967532467532467
0.4111111111111111 0.19967532467532467
0.4095238095238095 0.2012987012987013
0.40476190476190477 0.2012987012987013
0.4031746031746032 0.20292207792207792
0.4 0.20292207792207792
0.3984126984126984 0.20454545454545456
0.39365079365079364 0.20454545454545456
0.39206349206349206 0.20616883116883117
0.3904761904761905 0.20616883116883117
0.3888888888888889 0.2077922077922078
0.38412698412698415 0.2077922077922078
0.3825396825396825 0.20941558441558442
0.38095238095238093 0.20941558441558442
0.37936507936507935 0.21103896103896103
0.3761904761904762 0.21103896103896103
0.3746031746031746 0.21266233766233766
0.373015873015873 0.21266233766233766
0.37142857142857144 0.21428571428571427
0.3682539682539683 0.21428571428571427
0.36666666666666664 0.2159090909090909
0.36507936507936506 0.2159090909090909
0.3634920634920635 0.21753246753246752
0.3603174603174603 0.21753246753246752
0.35714285714285715 0.22077922077922077
0.353968253968254 0.22077922077922077
0.3523809523809524 0.2224025974025974
0.35079365079365077 0.2224025974025974
0.3492063492063492 0.22402597402597402
0.3476190476190476 0.22402597402597402
0.346031746031746 0.22564935064935066
0.34444444444444444 0.22564935064935066
0.34285714285714286 0.22727272727272727
0.3412698412698413 0.22727272727272727
0.3396825396825397 0.2288961038961039
0.3380952380952381 0.2288961038961039
0.33650793650793653 0.2305194805194805
0.3349206349206349 0.2305194805194805
0.33174603174603173 0.23376623376623376
0.33015873015873015 0.23376623376623376
0.32857142857142857 0.2353896103896104
0.326984126984127 0.2353896103896104
0.3253968253968254 0.237012987012987
0.3238095238095238 0.237012987012987
0.32063492063492066 0.24025974025974026
0.319047619047619 0.24025974025974026
0.31587301587301586 0.2435064935064935
0.3142857142857143 0.2435064935064935
0.3111111111111111 0.24675324675324675
0.30952380952380953 0.24675324675324675
0.30634920634920637 0.25
0.3047619047619048 0.25
0.3 0.25487012987012986
0.2984126984126984 0.25487012987012986
0.29365079365079366 0.2597402597402597
0.2920634920634921 0.2597402597402597
0.2857142857142857 0.2662337662337662
0.2841269841269841 0.2662337662337662
0.2777777777777778 0.2727272727272727
0.2761904761904762 0.2727272727272727
0.2761904761904762 0.27435064935064934
0.2746031746031746 0.275974025974026
0.273015873015873 0.275974025974026
0.24761904761904763 0.30194805194805197
0.24761904761904763 0.30357142857142855
0.24126984126984127 0.31006493506493504
0.24126984126984127 0.3116883116883117
0.23492063492063492 0.3181818181818182
0.23492063492063492 0.3198051948051948
0.23015873015873015 0.3246753246753247
0.23015873015873015 0.3262987012987013
0.2253968253968254 0.33116883116883117
0.2253968253968254 0.3327922077922078
0.2222222222222222 0.336038961038961
0.2222222222222222 0.33766233766233766
0.21904761904761905 0.3409090909090909
0.21904761904761905 0.3425324675324675
0.21587301587301588 0.3457792207792208
0.21587301587301588 0.3474025974025974
0.2126984126984127 0.35064935064935066
0.2126984126984127 0.3522727272727273
0.2111111111111111 0.3538961038961039
0.2111111111111111 0.3555194805194805
0.20952380952380953 0.35714285714285715
0.20952380952380953 0.3587662337662338
0.20634920634920634 0.362012987012987
0.20634920634920634 0.36363636363636365
0.20476190476190476 0.3652597402597403
0.20476190476190476 0.36688311688311687
0.20317460317460317 0.3685064935064935
0.20317460317460317 0.37012987012987014
0.2015873015873016 0.3717532467532468
0.2015873015873016 0.37337662337662336
0.2 0.375
0.2 0.3782467532467532
0.19682539682539682 0.3814935064935065
0.19682539682539682 0.3847402597402597
0.19365079365079366 0.387987012987013
0.19365079365079366 0.3912337662337662
0.19206349206349208 0.39285714285714285
0.19206349206349208 0.3944805194805195
0.19047619047619047 0.3961038961038961
0.19047619047619047 0.39935064935064934
0.18888888888888888 0.400974025974026
0.18888888888888888 0.4025974025974026
0.1873015873015873 0.4042207792207792
0.1873015873015873 0.4074675324675325
0.18571428571428572 0.4090909090909091
0.18571428571428572 0.4107142857142857
0.18412698412698414 0.41233766233766234
0.18412698412698414 0.4172077922077922
0.18253968253968253 0.41883116883116883
0.18253968253968253 0.42045454545454547
0.18095238095238095 0.42207792207792205
0.18095238095238095 0.42694805194805197
0.17936507936507937 0.42857142857142855
0.17936507936507937 0.4318181818181818
0.17777777777777778 0.43344155844155846
0.17777777777777778 0.4383116883116883
0.1761904761904762 0.43993506493506496
0.1761904761904762 0.4431818181818182
0.1746031746031746 0.4448051948051948
0.1746031746031746 0.45292207792207795
0.173015873015873 0.45454545454545453
0.173015873015873 0.4577922077922078
0.17142857142857143 0.4594155844155844
0.17142857142857143 0.46915584415584416
0.16984126984126985 0.4707792207792208
0.16984126984126985 0.4772727272727273
0.16825396825396827 0.4788961038961039
0.16825396825396827 0.49512987012987014
0.16666666666666666 0.4967532467532468
0.16666666666666666 0.551948051948052
0.16825396825396827 0.5535714285714286
0.16825396825396827 0.5714285714285714
0.16984126984126985 0.573051948051948
0.16984126984126985 0.5795454545454546
0.17142857142857143 0.5811688311688312
0.17142857142857143 0.5909090909090909
0.173015873015873 0.5925324675324676
0.173015873015873 0.5957792207792207
0.1746031746031746 0.5974025974025974
0.1746031746031746 0.6055194805194806
0.1761904761904762 0.6071428571428571
0.1761904761904762 0.6103896103896104
0.17777777777777778 0.612012987012987
0.17777777777777778 0.6168831168831169
0.17936507936507937 0.6185064935064936
0.17936507936507937 0.6217532467532467
0.18095238095238095 0.6233766233766234
0.18095238095238095 0.6282467532467533
0.18253968253968253 0.6298701298701299
0.18253968253968253 0.6314935064935064
0.18412698412698414 0.6331168831168831
0.18412698412698414 0.637987012987013
0.18571428571428572 0.6396103896103896
0.18571428571428572 0.6412337662337663
0.1873015873015873 0.6428571428571429
0.1873015873015873 0.6461038961038961
0.18888888888888888 0.6477272727272727
0.18888888888888888 0.6493506493506493
0.19047619047619047 0.650974025974026
0.19047619047619047 0.6542207792207793
0.19206349206349208 0.6558441558441559
0.19206349206349208 0.6574675324675324
0.19365079365079366 0.6590909090909091
0.19365079365079366 0.6623376623376623
0.19682539682539682 0.6655844155844156
0.19682539682539682 0.6688311688311688
0.1984126984126984 0.6704545454545454
0.1984126984126984 0.672077922077922
0.2 0.6737012987012987
0.2 0.6753246753246753
0.2015873015873016 0.676948051948052
0.2015873015873016 0.6785714285714286
0.20317460317460317 0.6801948051948052
0.20317460317460317 0.6818181818181818
0.20476190476190476 0.6834415584415584
0.20476190476190476 0.685064935064935
0.20634920634920634 0.6866883116883117
0.20634920634920634 0.6883116883116883
0.20952380952380953 0.6915584415584416
0.20952380952380953 0.6931818181818182
0.2111111111111111 0.6948051948051948
0.2111111111111111 0.6964285714285714
0.2126984126984127 0.698051948051948
0.2126984126984127 0.6996753246753247
0.21587301587301588 0.702922077922078
0.21587301587301588 0.7045454545454546
0.21904761904761905 0.7077922077922078
0.21904761904761905 0.7094155844155844
0.2222222222222222 0.7126623376623377
0.2222222222222222 0.7142857142857143
0.2253968253968254 0.7175324675324676
0.2253968253968254 0.7191558441558441
0.23015873015873015 0.724025974025974
0.23015873015873015 0.7256493506493507
0.23492063492063492 0.7305194805194806
0.23492063492063492 0.7321428571428571
0.24126984126984127 0.7386363636363636
0.24126984126984127 0.7402597402597403
0.24761904761904763 0.7467532467532467
0.24761904761904763 0.7483766233766234
0.2761904761904762 0.7775974025974026
0.2777777777777778 0.7775974025974026
0.2841269841269841 0.7840909090909091
0.2857142857142857 0.7840909090909091
0.2920634920634921 0.7905844155844156
0.29365079365079366 0.7905844155844156
0.3 0.797077922077922
0.30158730158730157 0.797077922077922
0.3047619047619048 0.8003246753246753
0.30634920634920637 0.8003246753246753
0.30952380952380953 0.8035714285714286
0.3111111111111111 0.8035714285714286
0.3142857142857143 0.8068181818181818
0.31587301587301586 0.8068181818181818
0.319047619047619 0.810064935064935
0.32063492063492066 0.810064935064935
0.3238095238095238 0.8133116883116883
0.3253968253968254 0.8133116883116883
0.326984126984127 0.814935064935065
0.32857142857142857 0.814935064935065
0.33015873015873015 0.8165584415584416
0.33174603174603173 0.8165584415584416
0.3349206349206349 0.8198051948051948
0.33650793650793653 0.8198051948051948
0.3380952380952381 0.8214285714285714
0.3396825396825397 0.8214285714285714
0.3412698412698413 0.823051948051948
0.34285714285714286 0.823051948051948
0.34444444444444444 0.8246753246753247
0.346031746031746 0.8246753246753247
0.3476190476190476 0.8262987012987013
0.3492063492063492 0.8262987012987013
0.35079365079365077 0.827922077922078
0.3523809523809524 0.827922077922078
0.353968253968254 0.8295454545454546
0.35714285714285715 0.8295454545454546
0.3603174603174603 0.8327922077922078
0.3634920634920635 0.8327922077922078
0.36507936507936506 0.8344155844155844
0.36666666666666664 0.8344155844155844
0.3682539682539683 0.836038961038961
0.37142857142857144 0.836038961038961
0.373015873015873 0.8376623376623377
0.3746031746031746 0.8376623376623377
0.3761904761904762 0.8392857142857143
0.37936507936507935 0.8392857142857143
0.38095238095238093 0.8409090909090909
0.3825396825396825 0.8409090909090909
0.38412698412698415 0.8425324675324676
0.3888888888888889 0.8425324675324676
0.3904761904761905 0.8441558441558441
0.39206349206349206 0.8441558441558441
0.39365079365079364 0.8457792207792207
0.3984126984126984 0.8457792207792207
0.4 0.8474025974025974
0.4031746031746032 0.8474025974025974
0.40476190476190477 0.849025974025974
0.4095238095238095 0.849025974025974
0.4111111111111111 0.8506493506493507
0.4142857142857143 0.8506493506493507
0.4158730158730159 0.8522727272727273
0.4238095238095238 0.8522727272727273
0.4253968253968254 0.8538961038961039
0.4301587301587302 0.8538961038961039
0.43174603174603177 0.8555194805194806
0.4396825396825397 0.8555194805194806
0.44126984126984126 0.8571428571428571
0.44761904761904764 0.8571428571428571
0.4492063492063492 0.8587662337662337
0.4650793650793651 0.8587662337662337
0.4666666666666667 0.8603896103896104
0.5206349206349207 0.8603896103896104
0.5222222222222223 0.8587662337662337
0.5396825396825397 0.8587662337662337
0.5412698412698412 0.8571428571428571
0.5476190476190477 0.8571428571428571
0.5492063492063493 0.8555194805194806
0.5587301587301587 0.8555194805194806
0.5603174603174603 0.8538961038961039
0.5634920634920635 0.8538961038961039
0.5650793650793651 0.8522727272727273
0.573015873015873 0.8522727272727273
0.5746031746031746 0.8506493506493507
0.5777777777777777 0.8506493506493507
0.5793650793650794 0.849025974025974
0.5841269841269842 0.849025974025974
0.5857142857142857 0.8474025974025974
0.5888888888888889 0.8474025974025974
0.5904761904761905 0.8457792207792207
0.5952380952380952 0.8457792207792207
0.5968253968253968 0.8441558441558441
0.5984126984126984 0.8441558441558441
0.6 0.8425324675324676
0.6047619047619047 0.8425324675324676
0.6063492063492063 0.8409090909090909
0.6079365079365079 0.8409090909090909
0.6095238095238096 0.8392857142857143
0.6126984126984127 0.8392857142857143
0.6142857142857143 0.8376623376623377
0.6158730158730159 0.8376623376623377
0.6174603174603175 0.836038961038961
0.6206349206349207 0.836038961038961
0.6222222222222222 0.8344155844155844
0.6238095238095238 0.8344155844155844
0.6253968253968254 0.8327922077922078
0.6285714285714286 0.8327922077922078
0.6317460317460317 0.8295454545454546
0.6349206349206349 0.8295454545454546
0.6365079365079365 0.827922077922078
0.638095238095238 0.827922077922078
0.6396825396825396 0.8262987012987013
0.6412698412698413 0.8262987012987013
0.6428571428571429 0.8246753246753247
0.6444444444444445 0.8246753246753247
0.6460317460317461 0.823051948051948
0.6476190476190476 0.823051948051948
0.6507936507936508 0.8198051948051948
0.653968253968254 0.8198051948051948
0.6571428571428571 0.8165584415584416
0.6587301587301587 0.8165584415584416
0.6603174603174603 0.814935064935065
0.6619047619047619 0.814935064935065
0.6634920634920635 0.8133116883116883
0.665079365079365 0.8133116883116883
0.6682539682539682 0.810064935064935
0.6698412698412698 0.810064935064935
0.6730158730158731 0.8068181818181818
0.6746031746031746 0.8068181818181818
0.6777777777777778 0.8035714285714286
0.6793650793650794 0.8035714285714286
0.6825396825396826 0.8003246753246753
0.6841269841269841 0.8003246753246753
0.6888888888888889 0.7954545454545454
0.6904761904761905 0.7954545454545454
0.6952380952380952 0.7905844155844156
0.6968253968253968 0.7905844155844156
0.7031746031746032 0.7840909090909091
0.7047619047619048 0.7840909090909091
0.7111111111111111 0.7775974025974026
0.7126984126984127 0.7775974025974026
0.7126984126984127 0.775974025974026
0.7142857142857143 0.7743506493506493
0.7158730158730159 0.7743506493506493
0.7412698412698413 0.7483766233766234
0.7412698412698413 0.7467532467532467
0.7476190476190476 0.7402597402597403
0.7476190476190476 0.7386363636363636
0.753968253968254 0.7321428571428571
0.753968253968254 0.7305194805194806
0.7587301587301587 0.7256493506493507
0.7587301587301587 0.724025974025974
0.7634920634920634 0.7191558441558441
0.7634920634920634 0.7175324675324676
0.7666666666666667 0.7142857142857143
0.7666666666666667 0.7126623376623377
0.7698412698412699 0.7094155844155844
0.7698412698412699 0.7077922077922078
0.773015873015873 0.7045454545454546
0.773015873015873 0.702922077922078
0.7761904761904762 0.6996753246753247
0.7761904761904762 0.698051948051948
0.7777777777777778 0.6964285714285714
0.7777777777777778 0.6948051948051948
0.7793650793650794 0.6931818181818182
0.7793650793650794 0.6915584415584416
0.7825396825396825 0.6883116883116883
0.7825396825396825 0.685064935064935
0.7857142857142857 0.6818181818181818
0.7857142857142857 0.6801948051948052
0.7873015873015873 0.6785714285714286
0.7873015873015873 0.676948051948052
0.7888888888888889 0.6753246753246753
0.7888888888888889 0.6737012987012987
0.7904761904761904 0.672077922077922
0.7904761904761904 0.6704545454545454
0.792063492063492 0.6688311688311688
0.792063492063492 0.6672077922077922
0.7936507936507936 0.6655844155844156
0.7936507936507936 0.663961038961039
0.7952380952380952 0.6623376623376623
0.7952380952380952 0.6590909090909091
0.7968253968253968 0.6574675324675324
0.7968253968253968 0.6558441558441559
0.7984126984126985 0.6542207792207793
0.7984126984126985 0.650974025974026
0.8 0.6493506493506493
0.8 0.6477272727272727
0.8015873015873016 0.6461038961038961
0.8015873015873016 0.6428571428571429
0.8031746031746032 0.6412337662337663
0.8031746031746032 0.6396103896103896
0.8047619047619048 0.637987012987013
0.8047619047619048 0.6331168831168831
0.8063492063492064 0.6314935064935064
0.8063492063492064 0.6298701298701299
0.807936507936508 0.6282467532467533
0.807936507936508 0.6233766233766234
0.8095238095238095 0.6217532467532467
0.8095238095238095 0.6185064935064936
0.8111111111111111 0.6168831168831169
0.8111111111111111 0.612012987012987
0.8126984126984127 0.6103896103896104
0.8126984126984127 0.6071428571428571
0.8142857142857143 0.6055194805194806
0.8142857142857143 0.5974025974025974
0.8158730158730159 0.5957792207792207
0.8158730158730159 0.5925324675324676
0.8174603174603174 0.5909090909090909
0.8174603174603174 0.5811688311688312
0.819047619047619 0.5795454545454546
0.819047619047619 0.573051948051948
0.8206349206349206 0.5714285714285714
0.8206349206349206 0.5535714285714286
0.8222222222222222 0.551948051948052
0.8222222222222222 0.4967532467532468
0.8206349206349206 0.49512987012987014
0.8206349206349206 0.4788961038961039
0.819047619047619 0.4772727272727273
0.819047619047619 0.4707792207792208
0.8174603174603174 0.46915584415584416
0.8174603174603174 0.461038961038961
0.8158730158730159 0.4594155844155844
0.8158730158730159 0.45454545454545453
0.8142857142857143 0.45292207792207795
0.8142857142857143 0.4448051948051948
0.8126984126984127 0.4431818181818182
0.8126984126984127 0.43993506493506496
0.8111111111111111 0.4383116883116883
0.8111111111111111 0.43344155844155846
0.8095238095238095 0.4318181818181818
0.8095238095238095 0.42857142857142855
0.807936507936508 0.42694805194805197
0.807936507936508 0.42207792207792205
0.8063492063492064 0.42045454545454547
0.8063492063492064 0.41883116883116883
0.8047619047619048 0.4172077922077922
0.8047619047619048 0.41233766233766234
0.8031746031746032 0.4107142857142857
0.8031746031746032 0.4090909090909091
0.8015873015873016 0.4074675324675325
0.8015873015873016 0.4042207792207792
0.8 0.4025974025974026
0.8 0.400974025974026
0.7984126984126985 0.39935064935064934
0.7984126984126985 0.3961038961038961
0.7968253968253968 0.3944805194805195
0.7968253968253968 0.39285714285714285
0.7952380952380952 0.3912337662337662
0.7952380952380952 0.387987012987013
0.792063492063492 0.3847402597402597
0.792063492063492 0.3814935064935065
0.7904761904761904 0.37987012987012986
0.7904761904761904 0.3782467532467532
0.7888888888888889 0.37662337662337664
0.7888888888888889 0.375
0.7873015873015873 0.37337662337662336
0.7873015873015873 0.3717532467532468
0.7857142857142857 0.37012987012987014
0.7857142857142857 0.3685064935064935
0.7825396825396825 0.3652597402597403
0.7825396825396825 0.362012987012987
0.7793650793650794 0.3587662337662338
0.7793650793650794 0.35714285714285715
0.7777777777777778 0.3555194805194805
0.7777777777777778 0.3538961038961039
0.7761904761904762 0.3522727272727273
0.7761904761904762 0.35064935064935066
0.773015873015873 0.3474025974025974
0.773015873015873 0.3457792207792208
0.7698412698412699 0.3425324675324675
0.7698412698412699 0.3409090909090909
0.7666666666666667 0.33766233766233766
0.7666666666666667 0.336038961038961
0.7634920634920634 0.3327922077922078
0.7634920634920634 0.33116883116883117
0.7587301587301587 0.3262987012987013
0.7587301587301587 0.3246753246753247
0.753968253968254 0.3198051948051948
0.753968253968254 0.3181818181818182
0.7476190476190476 0.3116883116883117
0.7476190476190476 0.31006493506493504
0.7412698412698413 0.30357142857142855
0.7412698412698413 0.30194805194805197
0.7158730158730159 0.275974025974026
0.7142857142857143 0.275974025974026
0.7126984126984127 0.27435064935064934
0.7126984126984127 0.2727272727272727
0.7111111111111111 0.2727272727272727
0.7047619047619048 0.2662337662337662
0.7031746031746032 0.2662337662337662
0.6968253968253968 0.2597402597402597
0.6952380952380952 0.2597402597402597
0.6904761904761905 0.25487012987012986
0.6888888888888889 0.25487012987012986
0.6841269841269841 0.25
0.6825396825396826 0.25
0.6793650793650794 0.24675324675324675
0.6777777777777778 0.24675324675324675
0.6746031746031746 0.2435064935064935
0.6730158730158731 0.2435064935064935
0.6698412698412698 0.24025974025974026
0.6682539682539682 0.24025974025974026
0.665079365079365 0.237012987012987
0.6634920634920635 0.237012987012987
0.6619047619047619 0.2353896103896104
0.6603174603174603 0.2353896103896104
0.6587301587301587 0.23376623376623376
0.6571428571428571 0.23376623376623376
0.653968253968254 0.2305194805194805
0.6523809523809524 0.2305194805194805
0.6507936507936508 0.2288961038961039
0.6492063492063492 0.2288961038961039
0.6476190476190476 0.22727272727272727
0.6460317460317461 0.22727272727272727
0.6444444444444445 0.22564935064935066
0.6428571428571429 0.22564935064935066
0.6412698412698413 0.22402597402597402
0.6396825396825396 0.22402597402597402
0.638095238095238 0.2224025974025974
0.6365079365079365 0.2224025974025974
0.6349206349206349 0.22077922077922077
0.6317460317460317 0.22077922077922077
0.6285714285714286 0.21753246753246752
0.6253968253968254 0.21753246753246752
0.6238095238095238 0.2159090909090909
0.6222222222222222 0.2159090909090909
0.6206349206349207 0.21428571428571427
0.6174603174603175 0.21428571428571427
0.6158730158730159 0.21266233766233766
0.6142857142857143 0.21266233766233766
0.6126984126984127 0.21103896103896103
0.6095238095238096 0.21103896103896103
0.6079365079365079 0.20941558441558442
0.6063492063492063 0.20941558441558442
0.6047619047619047 0.2077922077922078
0.6 0.2077922077922078
0.5984126984126984 0.20616883116883117
0.5968253968253968 0.20616883116883117
0.5952380952380952 0.20454545454545456
0.5904761904761905 0.20454545454545456
0.5888888888888889 0.20292207792207792
0.5857142857142857 0.20292207792207792
0.5841269841269842 0.2012987012987013
0.5777777777777777 0.2012987012987013
0.5761904761904761 0.19967532467532467
0.5746031746031746 0.19967532467532467
0.573015873015873 0.19805194805194806
0.5650793650793651 0.19805194805194806
0.5634920634920635 0.19642857142857142
0.5603174603174603 0.19642857142857142
0.5587301587301587 0.19480519480519481
0.5492063492063493 0.19480519480519481
0.5476190476190477 0.19318181818181818
0.5412698412698412 0.19318181818181818
0.5396825396825397 0.19155844155844157
0.5222222222222223 0.19155844155844157
0.5206349206349207 0.18993506493506493
