-0.014211374064167467 -0.3975417867733018
-0.010033572532050764 -0.3975417867733018
-0.005855770999934059 -0.3975417867733018
-0.001677969467817355 -0.3975417867733018
0.0024998320642993493 -0.3975417867733018
0.006677633596416053 -0.3975417867733018
0.010855435128532757 -0.3975417867733018
0.01503323666064946 -0.3975417867733018
0.019211038192766164 -0.3975417867733018
0.02338883972488287 -0.3975417867733018
0.027566641256999574 -0.3975417867733018
0.03174444278911628 -0.3975417867733018
0.035922244321232984 -0.3975417867733018
0.04010004585334968 -0.3975417867733018
0.04427784738546639 -0.3975417867733018
-0.018389175596284172 -0.3933639852411851
0.0484556489175831 -0.3933639852411851
-0.022566977128400875 -0.3891861837090684
0.0484556489175831 -0.3891861837090684
-0.022566977128400875 -0.3850083821769517
0.0484556489175831 -0.3850083821769517
-0.022566977128400875 -0.380830580644835
0.0484556489175831 -0.380830580644835
-0.022566977128400875 -0.3766527791127183
0.0484556489175831 -0.3766527791127183
-0.022566977128400875 -0.3724749775806016
0.0484556489175831 -0.3724749775806016
-0.022566977128400875 -0.3682971760484849
0.0484556489175831 -0.3682971760484849
-0.022566977128400875 -0.36411937451636817
0.0484556489175831 -0.36411937451636817
-0.022566977128400875 -0.35994157298425145
0.0484556489175831 -0.35994157298425145
-0.022566977128400875 -0.3557637714521348
0.0484556489175831 -0.3557637714521348
-0.022566977128400875 -0.35158596992001806
0.0484556489175831 -0.35158596992001806
-0.022566977128400875 -0.34740816838790134
0.0484556489175831 -0.34740816838790134
-0.022566977128400875 -0.3432303668557847
0.0484556489175831 -0.3432303668557847
-0.022566977128400875 -0.33905256532366795
0.0484556489175831 -0.33905256532366795
-0.022566977128400875 -0.33487476379155123
0.0484556489175831 -0.33487476379155123
-0.022566977128400875 -0.33069696225943457
0.0484556489175831 -0.33069696225943457
-0.022566977128400875 -0.32651916072731785
0.0484556489175831 -0.32651916072731785
-0.022566977128400875 -0.3223413591952011
0.0484556489175831 -0.3223413591952011
-0.022566977128400875 -0.3181635576630844
0.0484556489175831 -0.3181635576630844
-0.022566977128400875 -0.31398575613096774
0.0484556489175831 -0.31398575613096774
-0.022566977128400875 -0.309807954598851
0.0484556489175831 -0.309807954598851
-0.022566977128400875 -0.3056301530667343
0.0484556489175831 -0.3056301530667343
-0.022566977128400875 -0.30145235153461764
0.0484556489175831 -0.30145235153461764
-0.022566977128400875 -0.2972745500025009
0.0484556489175831 -0.2972745500025009
-0.022566977128400875 -0.2930967484703842
0.0484556489175831 -0.2930967484703842
-0.022566977128400875 -0.28891894693826753
0.0484556489175831 -0.28891894693826753
-0.022566977128400875 -0.2847411454061508
0.0484556489175831 -0.2847411454061508
-0.022566977128400875 -0.2805633438740341
0.0484556489175831 -0.2805633438740341
-0.022566977128400875 -0.27638554234191737
0.0484556489175831 -0.27638554234191737
-0.022566977128400875 -0.2722077408098007
0.0484556489175831 -0.2722077408098007
-0.022566977128400875 -0.268029939277684
0.0484556489175831 -0.268029939277684
-0.022566977128400875 -0.26385213774556726
0.0484556489175831 -0.26385213774556726
-0.022566977128400875 -0.2596743362134506
0.0484556489175831 -0.2596743362134506
-0.022566977128400875 -0.2554965346813339
0.0484556489175831 -0.2554965346813339
-0.022566977128400875 -0.25131873314921716
0.0484556489175831 -0.25131873314921716
-0.022566977128400875 -0.24714093161710046
0.0484556489175831 -0.24714093161710046
-0.022566977128400875 -0.24296313008498377
0.0484556489175831 -0.24296313008498377
-0.022566977128400875 -0.23878532855286705
0.0484556489175831 -0.23878532855286705
-0.022566977128400875 -0.23460752702075036
0.0484556489175831 -0.23460752702075036
-0.022566977128400875 -0.23042972548863364
0.0484556489175831 -0.23042972548863364
-0.022566977128400875 -0.22625192395651694
0.0484556489175831 -0.22625192395651694
-0.022566977128400875 -0.22207412242440025
0.0484556489175831 -0.22207412242440025
-0.022566977128400875 -0.21789632089228353
0.0484556489175831 -0.21789632089228353
-0.022566977128400875 -0.21371851936016684
0.0484556489175831 -0.21371851936016684
-0.022566977128400875 -0.20954071782805012
0.0484556489175831 -0.20954071782805012
-0.022566977128400875 -0.20536291629593342
0.0484556489175831 -0.20536291629593342
-0.022566977128400875 -0.20118511476381673
0.0484556489175831 -0.20118511476381673
-0.022566977128400875 -0.1970073132317
0.0484556489175831 -0.1970073132317
-0.022566977128400875 -0.19282951169958332
0.0484556489175831 -0.19282951169958332
-0.022566977128400875 -0.1886517101674666
0.0484556489175831 -0.1886517101674666
-0.022566977128400875 -0.1844739086353499
0.0484556489175831 -0.1844739086353499
-0.022566977128400875 -0.1802961071032332
0.0484556489175831 -0.1802961071032332
-0.022566977128400875 -0.1761183055711165
0.0484556489175831 -0.1761183055711165
-0.022566977128400875 -0.1719405040389998
0.0484556489175831 -0.1719405040389998
-0.022566977128400875 -0.16776270250688308
0.0484556489175831 -0.16776270250688308
-0.022566977128400875 -0.16358490097476638
0.0484556489175831 -0.16358490097476638
-0.022566977128400875 -0.15940709944264966
0.0484556489175831 -0.15940709944264966
-0.022566977128400875 -0.15522929791053297
0.0484556489175831 -0.15522929791053297
-0.09776740470650155 -0.15105149637841628
-0.09358960317438485 -0.15105149637841628
-0.08941180164226814 -0.15105149637841628
-0.08523400011015143 -0.15105149637841628
-0.08105619857803473 -0.15105149637841628
-0.07687839704591803 -0.15105149637841628
-0.07270059551380133 -0.15105149637841628
-0.06852279398168462 -0.15105149637841628
-0.06434499244956791 -0.15105149637841628
-0.060167190917451215 -0.15105149637841628
-0.05598938938533451 -0.15105149637841628
-0.0518115878532178 -0.15105149637841628
-0.0476337863211011 -0.15105149637841628
-0.043455984788984395 -0.15105149637841628
-0.039278183256867695 -0.15105149637841628
-0.03510038172475099 -0.15105149637841628
-0.030922580192634285 -0.15105149637841628
-0.02674477866051758 -0.15105149637841628
-0.022566977128400875 -0.15105149637841628
0.052633450449699797 -0.15105149637841628
0.0568112519818165 -0.15105149637841628
0.0609890535139332 -0.15105149637841628
0.06516685504604991 -0.15105149637841628
0.06934465657816662 -0.15105149637841628
0.07352245811028332 -0.15105149637841628
0.07770025964240002 -0.15105149637841628
0.08187806117451672 -0.15105149637841628
0.08605586270663343 -0.15105149637841628
0.09023366423875014 -0.15105149637841628
0.09441146577086684 -0.15105149637841628
0.09858926730298355 -0.15105149637841628
0.10276706883510024 -0.15105149637841628
0.10694487036721695 -0.15105149637841628
0.11112267189933366 -0.15105149637841628
0.11530047343145036 -0.15105149637841628
0.11947827496356707 -0.15105149637841628
0.12365607649568376 -0.15105149637841628
0.12783387802780047 -0.15105149637841628
-0.10194520623861825 -0.14687369484629956
0.1320116795599172 -0.14687369484629956
-0.10612300777073495 -0.14269589331418286
0.1320116795599172 -0.14269589331418286
-0.10612300777073495 -0.13851809178206614
0.1320116795599172 -0.13851809178206614
-0.10612300777073495 -0.13434029024994945
0.1320116795599172 -0.13434029024994945
-0.10612300777073495 -0.13016248871783276
0.1320116795599172 -0.13016248871783276
-0.10612300777073495 -0.12598468718571604
0.1320116795599172 -0.12598468718571604
-0.10612300777073495 -0.12180688565359934
0.1320116795599172 -0.12180688565359934
-0.10612300777073495 -0.11762908412148264
0.1320116795599172 -0.11762908412148264
-0.10612300777073495 -0.11345128258936593
0.1320116795599172 -0.11345128258936593
-0.10612300777073495 -0.10927348105724922
0.1320116795599172 -0.10927348105724922
-0.10612300777073495 -0.10509567952513252
0.1320116795599172 -0.10509567952513252
-0.10612300777073495 -0.10091787799301583
0.1320116795599172 -0.10091787799301583
-0.10612300777073495 -0.09674007646089912
0.1320116795599172 -0.09674007646089912
-0.10612300777073495 -0.09256227492878241
0.1320116795599172 -0.09256227492878241
-0.10612300777073495 -0.0883844733966657
0.1320116795599172 -0.0883844733966657
-0.10612300777073495 -0.084206671864549
0.1320116795599172 -0.084206671864549
-0.10612300777073495 -0.0800288703324323
0.1320116795599172 -0.0800288703324323
-0.10612300777073495 -0.0758510688003156
0.1320116795599172 -0.0758510688003156
-0.10612300777073495 -0.07167326726819889
0.1320116795599172 -0.07167326726819889
-0.10612300777073495 -0.06749546573608219
0.1320116795599172 -0.06749546573608219
-0.10612300777073495 -0.06331766420396548
0.1320116795599172 -0.06331766420396548
-0.10612300777073495 -0.05913986267184878
0.1320116795599172 -0.05913986267184878
-0.10612300777073495 -0.05496206113973207
0.1320116795599172 -0.05496206113973207
-0.10612300777073495 -0.05078425960761537
0.1320116795599172 -0.05078425960761537
-0.10612300777073495 -0.046606458075498666
0.1320116795599172 -0.046606458075498666
-0.10612300777073495 -0.04242865654338196
0.1320116795599172 -0.04242865654338196
-0.10612300777073495 -0.03825085501126526
0.1320116795599172 -0.03825085501126526
-0.10612300777073495 -0.03407305347914855
0.1320116795599172 -0.03407305347914855
-0.10612300777073495 -0.02989525194703185
0.1320116795599172 -0.02989525194703185
-0.10612300777073495 -0.025717450414915147
0.1320116795599172 -0.025717450414915147
-0.10612300777073495 -0.021539648882798444
0.1320116795599172 -0.021539648882798444
-0.10612300777073495 -0.017361847350681737
0.1320116795599172 -0.017361847350681737
-0.10612300777073495 -0.013184045818565034
0.1320116795599172 -0.013184045818565034
-0.10612300777073495 -0.00900624428644833
0.1320116795599172 -0.00900624428644833
-0.10612300777073495 -0.004828442754331626
0.1320116795599172 -0.004828442754331626
-0.10612300777073495 -0.0006506412222149218
0.1320116795599172 -0.0006506412222149218
-0.10612300777073495 0.0035271603099017823
0.1320116795599172 0.0035271603099017823
-0.10612300777073495 0.007704961842018486
0.1320116795599172 0.007704961842018486
-0.10612300777073495 0.011882763374135191
0.1320116795599172 0.011882763374135191
-0.10612300777073495 0.016060564906251896
0.1320116795599172 0.016060564906251896
-0.10612300777073495 0.0202383664383686
0.1320116795599172 0.0202383664383686
-0.10612300777073495 0.024416167970485302
0.1320116795599172 0.024416167970485302
-0.16879003075248553 0.028593969502602005
-0.1646122292203688 0.028593969502602005
-0.1604344276882521 0.028593969502602005
-0.15625662615613542 0.028593969502602005
-0.1520788246240187 0.028593969502602005
-0.147901023091902 0.028593969502602005
-0.14372322155978529 0.028593969502602005
-0.1395454200276686 0.028593969502602005
-0.13536761849555187 0.028593969502602005
-0.13118981696343518 0.028593969502602005
-0.1270120154313185 0.028593969502602005
-0.12283421389920178 0.028593969502602005
-0.11865641236708507 0.028593969502602005
-0.11447861083496837 0.028593969502602005
-0.11030080930285166 0.028593969502602005
-0.10612300777073495 0.028593969502602005
0.1320116795599172 0.028593969502602005
-0.17296783228460222 0.03277177103471871
0.1320116795599172 0.03277177103471871
-0.17714563381671894 0.03694957256683541
0.1320116795599172 0.03694957256683541
-0.17714563381671894 0.04112737409895212
0.1320116795599172 0.04112737409895212
-0.17714563381671894 0.045305175631068825
0.1320116795599172 0.045305175631068825
-0.17714563381671894 0.049482977163185525
0.1320116795599172 0.049482977163185525
-0.17714563381671894 0.05366077869530223
0.1320116795599172 0.05366077869530223
-0.17714563381671894 0.05783858022741894
0.1320116795599172 0.05783858022741894
-0.17714563381671894 0.06201638175953564
0.1320116795599172 0.06201638175953564
-0.17714563381671894 0.06619418329165234
0.1320116795599172 0.06619418329165234
-0.17714563381671894 0.07037198482376905
0.1320116795599172 0.07037198482376905
-0.17714563381671894 0.07454978635588576
0.1320116795599172 0.07454978635588576
-0.17714563381671894 0.07872758788800245
0.1320116795599172 0.07872758788800245
-0.17714563381671894 0.08290538942011916
0.1320116795599172 0.08290538942011916
-0.17714563381671894 0.08708319095223586
0.1320116795599172 0.08708319095223586
-0.17714563381671894 0.09126099248435257
0.1320116795599172 0.09126099248435257
-0.17714563381671894 0.09543879401646928
0.1320116795599172 0.09543879401646928
-0.17714563381671894 0.09961659554858597
0.1320116795599172 0.09961659554858597
-0.17714563381671894 0.10379439708070268
0.1320116795599172 0.10379439708070268
-0.17714563381671894 0.10797219861281938
0.1320116795599172 0.10797219861281938
-0.17714563381671894 0.11215000014493609
0.1320116795599172 0.11215000014493609
-0.17714563381671894 0.1163278016770528
0.1320116795599172 0.1163278016770528
-0.17714563381671894 0.12050560320916949
0.1320116795599172 0.12050560320916949
-0.17714563381671894 0.1246834047412862
0.1320116795599172 0.1246834047412862
-0.17714563381671894 0.12886120627340292
0.1320116795599172 0.12886120627340292
-0.17714563381671894 0.1330390078055196
0.1320116795599172 0.1330390078055196
-0.17714563381671894 0.1372168093376363
0.1320116795599172 0.1372168093376363
-0.17714563381671894 0.14139461086975302
0.1320116795599172 0.14139461086975302
-0.17296783228460222 0.14557241240186972
-0.16879003075248553 0.14557241240186972
-0.1646122292203688 0.14557241240186972
-0.1604344276882521 0.14557241240186972
-0.15625662615613542 0.14557241240186972
-0.1520788246240187 0.14557241240186972
-0.147901023091902 0.14557241240186972
-0.14372322155978529 0.14557241240186972
-0.1395454200276686 0.14557241240186972
-0.13536761849555187 0.14557241240186972
-0.13118981696343518 0.14557241240186972
-0.1270120154313185 0.14557241240186972
-0.12283421389920178 0.14557241240186972
-0.11865641236708507 0.14557241240186972
-0.11447861083496837 0.14557241240186972
-0.11030080930285166 0.14557241240186972
0.1320116795599172 0.14557241240186972
-0.10612300777073495 0.14975021393398644
0.1320116795599172 0.14975021393398644
-0.10612300777073495 0.15392801546610313
0.1320116795599172 0.15392801546610313
-0.10612300777073495 0.15810581699821982
0.1320116795599172 0.15810581699821982
-0.10612300777073495 0.16228361853033654
0.1320116795599172 0.16228361853033654
-0.10612300777073495 0.16646142006245324
0.1320116795599172 0.16646142006245324
-0.10612300777073495 0.17063922159456996
0.1320116795599172 0.17063922159456996
-0.10612300777073495 0.17481702312668665
0.1320116795599172 0.17481702312668665
-0.10612300777073495 0.17899482465880334
0.1320116795599172 0.17899482465880334
-0.10612300777073495 0.18317262619092006
0.1320116795599172 0.18317262619092006
-0.10612300777073495 0.18735042772303676
0.1320116795599172 0.18735042772303676
-0.10612300777073495 0.19152822925515348
0.1320116795599172 0.19152822925515348
-0.10612300777073495 0.19570603078727017
0.1320116795599172 0.19570603078727017
-0.10612300777073495 0.19988383231938686
0.1320116795599172 0.19988383231938686
-0.10612300777073495 0.20406163385150358
0.1320116795599172 0.20406163385150358
-0.10612300777073495 0.20823943538362027
0.1320116795599172 0.20823943538362027
-0.10612300777073495 0.212417236915737
0.1320116795599172 0.212417236915737
-0.10612300777073495 0.2165950384478537
0.1320116795599172 0.2165950384478537
-0.10612300777073495 0.22077283997997038
0.1320116795599172 0.22077283997997038
-0.10612300777073495 0.2249506415120871
0.1320116795599172 0.2249506415120871
-0.10612300777073495 0.2291284430442038
0.1320116795599172 0.2291284430442038
-0.10612300777073495 0.23330624457632052
0.1320116795599172 0.23330624457632052
-0.10612300777073495 0.2374840461084372
0.1320116795599172 0.2374840461084372
-0.10612300777073495 0.24166184764055393
0.1320116795599172 0.24166184764055393
-0.10612300777073495 0.24583964917267062
0.1320116795599172 0.24583964917267062
-0.10612300777073495 0.2500174507047873
0.1320116795599172 0.2500174507047873
-0.10612300777073495 0.25419525223690403
0.1320116795599172 0.25419525223690403
-0.10612300777073495 0.25837305376902076
0.1320116795599172 0.25837305376902076
-0.10612300777073495 0.2625508553011374
0.1320116795599172 0.2625508553011374
-0.10612300777073495 0.26672865683325414
0.1320116795599172 0.26672865683325414
-0.10612300777073495 0.27090645836537086
0.1320116795599172 0.27090645836537086
-0.10612300777073495 0.2750842598974875
0.1320116795599172 0.2750842598974875
-0.10612300777073495 0.27926206142960425
0.1320116795599172 0.27926206142960425
-0.10612300777073495 0.28343986296172097
0.1320116795599172 0.28343986296172097
-0.10612300777073495 0.28761766449383763
0.1320116795599172 0.28761766449383763
-0.10612300777073495 0.29179546602595435
0.1320116795599172 0.29179546602595435
-0.10612300777073495 0.2959732675580711
0.1320116795599172 0.2959732675580711
-0.10612300777073495 0.3001510690901878
0.1320116795599172 0.3001510690901878
-0.10612300777073495 0.30432887062230446
0.1320116795599172 0.30432887062230446
-0.10612300777073495 0.3085066721544212
0.1320116795599172 0.3085066721544212
-0.10612300777073495 0.3126844736865379
0.1320116795599172 0.3126844736865379
-0.10612300777073495 0.31686227521865457
0.1320116795599172 0.31686227521865457
-0.10612300777073495 0.3210400767507713
0.1320116795599172 0.3210400767507713
-0.10612300777073495 0.325217878282888
0.1320116795599172 0.325217878282888
-0.10612300777073495 0.3293956798150047
0.1320116795599172 0.3293956798150047
-0.10612300777073495 0.3335734813471214
0.1320116795599172 0.3335734813471214
-0.10194520623861825 0.3377512828792381
-0.09776740470650155 0.3377512828792381
-0.09358960317438485 0.3377512828792381
-0.08941180164226814 0.3377512828792381
-0.08523400011015143 0.3377512828792381
-0.08105619857803473 0.3377512828792381
-0.07687839704591803 0.3377512828792381
-0.07270059551380133 0.3377512828792381
-0.06852279398168462 0.3377512828792381
-0.06434499244956791 0.3377512828792381
-0.060167190917451215 0.3377512828792381
-0.05598938938533451 0.3377512828792381
-0.0518115878532178 0.3377512828792381
-0.0476337863211011 0.3377512828792381
-0.043455984788984395 0.3377512828792381
-0.039278183256867695 0.3377512828792381
-0.03510038172475099 0.3377512828792381
-0.030922580192634285 0.3377512828792381
-0.02674477866051758 0.3377512828792381
-0.022566977128400875 0.3377512828792381
-0.018389175596284172 0.3377512828792381
-0.014211374064167467 0.3377512828792381
-0.010033572532050764 0.3377512828792381
-0.005855770999934059 0.3377512828792381
-0.001677969467817355 0.3377512828792381
0.0024998320642993493 0.3377512828792381
0.006677633596416053 0.3377512828792381
0.010855435128532757 0.3377512828792381
0.01503323666064946 0.3377512828792381
0.019211038192766164 0.3377512828792381
0.02338883972488287 0.3377512828792381
0.027566641256999574 0.3377512828792381
0.03174444278911628 0.3377512828792381
0.035922244321232984 0.3377512828792381
0.04010004585334968 0.3377512828792381
0.04427784738546639 0.3377512828792381
0.0484556489175831 0.3377512828792381
0.052633450449699797 0.3377512828792381
0.0568112519818165 0.3377512828792381
0.0609890535139332 0.3377512828792381
0.06516685504604991 0.3377512828792381
0.06934465657816662 0.3377512828792381
0.07352245811028332 0.3377512828792381
0.07770025964240002 0.3377512828792381
0.08187806117451672 0.3377512828792381
0.08605586270663343 0.3377512828792381
0.09023366423875014 0.3377512828792381
0.09441146577086684 0.3377512828792381
0.09858926730298355 0.3377512828792381
0.10276706883510024 0.3377512828792381
0.10694487036721695 0.3377512828792381
0.11112267189933366 0.3377512828792381
0.11530047343145036 0.3377512828792381
0.11947827496356707 0.3377512828792381
0.12365607649568376 0.3377512828792381
0.12783387802780047 0.3377512828792381
0.1320116795599172 0.3377512828792381
