-0.03364347935004657 -0.39503893945145596
-0.035521515004448403 -0.39311822116854495
-0.05430187154846676 -0.39311822116854495
-0.05617990720286859 -0.39119750288563404
-0.06369204982047598 -0.39119750288563404
-0.0655700854748778 -0.389276784602723
-0.07683829940128878 -0.389276784602723
-0.07871633505569069 -0.3873560663198121
-0.08247240636449434 -0.3873560663198121
-0.08435044201889617 -0.38543534803690116
-0.09374062029090532 -0.38543534803690116
-0.09561865594530715 -0.38351462975399014
-0.09937472725411087 -0.38351462975399014
-0.1012527629085127 -0.3815939114710792
-0.1068868698717182 -0.3815939114710792
-0.10876490552612002 -0.37967319318816817
-0.11252097683492368 -0.37967319318816817
-0.11439901248932557 -0.3777524749052572
-0.12003311945253106 -0.3777524749052572
-0.1219111551069329 -0.37583175662234625
-0.12378919076133472 -0.37583175662234625
-0.12566722641573655 -0.3739110383394353
-0.13130133337894204 -0.3739110383394353
-0.13317936903334393 -0.3719903200565244
-0.13505740468774577 -0.3719903200565244
-0.1369354403421476 -0.37006960177361337
-0.14069151165095126 -0.37006960177361337
-0.1425695473053531 -0.3681488834907024
-0.1444475829597549 -0.3681488834907024
-0.14632561861415674 -0.3662281652077914
-0.1500816899229604 -0.3662281652077914
-0.15195972557736231 -0.36430744692488043
-0.15383776123176413 -0.36430744692488043
-0.15571579688616596 -0.3623867286419695
-0.1594718681949696 -0.3623867286419695
-0.1632279395037733 -0.3585452920761476
-0.16698401081257694 -0.3585452920761476
-0.16886204646697878 -0.3566245737932366
-0.17074008212138067 -0.3566245737932366
-0.17261811777578248 -0.3547038555103256
-0.17449615343018432 -0.3547038555103256
-0.17637418908458616 -0.3527831372274146
-0.17825222473898797 -0.3527831372274146
-0.1801302603933898 -0.35086241894450365
-0.18200829604779165 -0.35086241894450365
-0.18388633170219348 -0.34894170066159264
-0.1857643673565953 -0.34894170066159264
-0.18764240301099713 -0.34702098237868173
-0.18952043866539903 -0.34702098237868173
-0.19327650997420268 -0.3431795458128598
-0.19515454562860451 -0.3431795458128598
-0.19703258128300635 -0.34125882752994885
-0.19891061693740816 -0.34125882752994885
-0.20078865259181 -0.3393381092470379
-0.20266668824621184 -0.3393381092470379
-0.2064227595550155 -0.3354966726812159
-0.20830079520941738 -0.3354966726812159
-0.21205686651822106 -0.331655236115394
-0.21393490217262287 -0.331655236115394
-0.21769097348142655 -0.32781379954957207
-0.21956900913582836 -0.32781379954957207
-0.22332508044463203 -0.3239723629837501
-0.22520311609903385 -0.3239723629837501
-0.23083722306223942 -0.3182102081350172
-0.23271525871664125 -0.3182102081350172
-0.23834936567984674 -0.31244805328628433
-0.24022740133424855 -0.31244805328628433
-0.24773954395185593 -0.30476518015464044
-0.24961757960625777 -0.30476518015464044
-0.2571297222238651 -0.29708230702299654
-0.2590077578782669 -0.29708230702299654
-0.2590077578782669 -0.2951615887400856
-0.2608857935326688 -0.2932408704571746
-0.26276382918707064 -0.2932408704571746
-0.2928123996575 -0.2625093779305991
-0.2928123996575 -0.2605886596476882
-0.30032454227510735 -0.2529057865160443
-0.30032454227510735 -0.25098506823313327
-0.3078366848927147 -0.24330219510148943
-0.3078366848927147 -0.24138147681857844
-0.3134707918559202 -0.23561932196984553
-0.3134707918559202 -0.23369860368693454
-0.3191048988191257 -0.22793644883820166
-0.3191048988191257 -0.22601573055529067
-0.3228609701279294 -0.22217429398946875
-0.3228609701279294 -0.2202535757065578
-0.32661704143673304 -0.21641213914073587
-0.32661704143673304 -0.21449142085782488
-0.3303731127455367 -0.2106499842920029
-0.3303731127455367 -0.208729266009092
-0.33412918405434044 -0.20488782944327003
-0.33412918405434044 -0.20296711116035904
-0.33600721970874226 -0.2010463928774481
-0.33600721970874226 -0.19912567459453712
-0.3378852553631441 -0.19720495631162616
-0.3378852553631441 -0.19528423802871517
-0.34164132667194774 -0.19144280146289325
-0.34164132667194774 -0.18952208317998226
-0.3435193623263496 -0.18760136489707127
-0.3435193623263496 -0.18568064661416037
-0.3453973979807514 -0.18375992833124938
-0.3453973979807514 -0.1818392100483384
-0.34727543363515323 -0.1799184917654274
-0.34727543363515323 -0.17799777348251647
-0.3491534692895551 -0.17607705519960548
-0.3491534692895551 -0.1722356186337836
-0.3529095405983587 -0.1683941820679616
-0.3529095405983587 -0.16455274550213972
-0.3566656119071624 -0.16071130893631774
-0.3566656119071624 -0.15686987237049582
-0.3585436475615642 -0.15494915408758483
-0.3585436475615642 -0.15302843580467385
-0.3604216832159661 -0.15110771752176286
-0.3604216832159661 -0.14726628095594096
-0.36229971887036794 -0.14534556267302998
-0.36229971887036794 -0.143424844390119
-0.3641777545247698 -0.14150412610720808
-0.3641777545247698 -0.1376626895413861
-0.3660557901791716 -0.13574197125847512
-0.3660557901791716 -0.1338212529755642
-0.3679338258335734 -0.1319005346926532
-0.3679338258335734 -0.12613837984392032
-0.36981186148797535 -0.12421766156100933
-0.36981186148797535 -0.12229694327809834
-0.37168989714237716 -0.12037622499518742
-0.37168989714237716 -0.11461407014645446
-0.37356793279677897 -0.11269335186354354
-0.37356793279677897 -0.10885191529772158
-0.37544596845118083 -0.10693119701481059
-0.37544596845118083 -0.1011690421660777
-0.37732400410558264 -0.0992483238831667
-0.37732400410558264 -0.0954068873173448
-0.37920203975998446 -0.09348616903443381
-0.37920203975998446 -0.08388257761987895
-0.3810800754143863 -0.08196185933696803
-0.3810800754143863 -0.07812042277114606
-0.38295811106878813 -0.07619970448823514
-0.38295811106878813 -0.06467539479076928
-0.38483614672319 -0.0627546765078583
-0.38483614672319 -0.05507180337621442
-0.3867141823775918 -0.0531510850933035
-0.3867141823775918 -0.03394390226419377
-0.3885922180319936 -0.03202318398128279
-0.3885922180319936 0.03328123763769015
-0.3867141823775918 0.03520195592060114
-0.3867141823775918 0.05632985703262172
-0.38483614672319 0.0582505753155327
-0.38483614672319 0.06593344844717665
-0.38295811106878813 0.06785416673008764
-0.38295811106878813 0.07937847642755343
-0.3810800754143863 0.08129919471046441
-0.3810800754143863 0.08514063127628625
-0.37920203975998446 0.08706134955919724
-0.37920203975998446 0.09666494097375217
-0.37732400410558264 0.09858565925666302
-0.37732400410558264 0.10242709582248499
-0.37544596845118083 0.10434781410539598
-0.37544596845118083 0.11010996895412893
-0.37356793279677897 0.11203068723703992
-0.37356793279677897 0.11587212380286176
-0.37168989714237716 0.11779284208577274
-0.37168989714237716 0.12355499693450571
-0.36981186148797535 0.12547571521741668
-0.36981186148797535 0.12739643350032756
-0.3679338258335734 0.12931715178323852
-0.3679338258335734 0.13507930663197149
-0.3660557901791716 0.13700002491488247
-0.3660557901791716 0.13892074319779346
-0.3641777545247698 0.14084146148070445
-0.3641777545247698 0.1446828980465263
-0.36229971887036794 0.14660361632943728
-0.36229971887036794 0.14852433461234826
-0.3604216832159661 0.15044505289525925
-0.3604216832159661 0.15428648946108123
-0.3585436475615642 0.15620720774399222
-0.3585436475615642 0.15812792602690307
-0.3566656119071624 0.16004864430981405
-0.3566656119071624 0.16389008087563603
-0.3529095405983587 0.167731517441458
-0.3529095405983587 0.17157295400727984
-0.3510315049439569 0.17349367229019083
-0.3510315049439569 0.17541439057310182
-0.3491534692895551 0.17733510885601278
-0.3491534692895551 0.17925582713892377
-0.34727543363515323 0.18117654542183476
-0.34727543363515323 0.18309726370474574
-0.3453973979807514 0.18501798198765673
-0.3453973979807514 0.18693870027056758
-0.3435193623263496 0.18885941855347857
-0.3435193623263496 0.19078013683638956
-0.34164132667194774 0.19270085511930055
-0.34164132667194774 0.19462157340221153
-0.3378852553631441 0.1984630099680335
-0.3378852553631441 0.2003837282509445
-0.33600721970874226 0.20230444653385535
-0.33600721970874226 0.20422516481676634
-0.33412918405434044 0.20614588309967732
-0.33412918405434044 0.2080666013825883
-0.3303731127455367 0.2119080379484103
-0.3303731127455367 0.21382875623132128
-0.32661704143673304 0.2176701927971431
-0.32661704143673304 0.2195909110800541
-0.3228609701279294 0.22343234764587605
-0.3228609701279294 0.22535306592878704
-0.3191048988191257 0.22919450249460901
-0.3191048988191257 0.23111522077751986
-0.3134707918559202 0.23687737562625283
-0.3134707918559202 0.23879809390916382
-0.3078366848927147 0.24456024875789678
-0.3078366848927147 0.24648096704080763
-0.30032454227510735 0.2541638401724516
-0.30032454227510735 0.25608455845536254
-0.2928123996575 0.2637674315870064
-0.2928123996575 0.26568814986991734
-0.2590077578782669 0.30026107896231485
-0.2571297222238651 0.30026107896231485
-0.24961757960625777 0.30794395209395864
-0.24773954395185593 0.30794395209395864
-0.24022740133424855 0.3156268252256026
-0.23834936567984674 0.3156268252256026
-0.23083722306223942 0.32330969835724643
-0.22895918740783758 0.32330969835724643
-0.22520311609903385 0.3271511349230684
-0.22332508044463203 0.3271511349230684
-0.21956900913582836 0.3309925714888904
-0.21769097348142655 0.3309925714888904
-0.21393490217262287 0.3348340080547122
-0.21205686651822106 0.3348340080547122
-0.20830079520941738 0.33867544462053417
-0.2064227595550155 0.33867544462053417
-0.20266668824621184 0.34251688118635615
-0.20078865259181 0.34251688118635615
-0.19891061693740816 0.3444375994692671
-0.19703258128300635 0.3444375994692671
-0.19515454562860451 0.3463583177521781
-0.19327650997420268 0.3463583177521781
-0.18952043866539903 0.350199754318
-0.18764240301099713 0.350199754318
-0.1857643673565953 0.35212047260091095
-0.18388633170219348 0.35212047260091095
-0.18200829604779165 0.3540411908838219
-0.1801302603933898 0.3540411908838219
-0.17825222473898797 0.3559619091667329
-0.17637418908458616 0.3559619091667329
-0.17449615343018432 0.3578826274496439
-0.17261811777578248 0.3578826274496439
-0.17074008212138067 0.3598033457325549
-0.16886204646697878 0.3598033457325549
-0.16698401081257694 0.36172406401546586
-0.1632279395037733 0.36172406401546586
-0.1594718681949696 0.36556550058128773
-0.15571579688616596 0.36556550058128773
-0.15383776123176413 0.3674862188641987
-0.15195972557736231 0.3674862188641987
-0.1500816899229604 0.3694069371471097
-0.14632561861415674 0.3694069371471097
-0.1444475829597549 0.37132765543002066
-0.1425695473053531 0.37132765543002066
-0.14069151165095126 0.3732483737129317
-0.1369354403421476 0.3732483737129317
-0.13505740468774577 0.37516909199584264
-0.13317936903334393 0.37516909199584264
-0.13130133337894204 0.37708981027875366
-0.12566722641573655 0.37708981027875366
-0.12378919076133472 0.3790105285616645
-0.1219111551069329 0.3790105285616645
-0.12003311945253106 0.38093124684457547
-0.11439901248932557 0.38093124684457547
-0.11252097683492368 0.3828519651274865
-0.10876490552612002 0.3828519651274865
-0.1068868698717182 0.38477268341039744
-0.1012527629085127 0.38477268341039744
-0.09937472725411087 0.38669340169330846
-0.09561865594530715 0.38669340169330846
-0.09374062029090532 0.3886141199762194
-0.08435044201889617 0.3886141199762194
-0.08247240636449434 0.39053483825913043
-0.07683829940128878 0.39053483825913043
-0.07496026374688695 0.3924555565420414
-0.0655700854748778 0.3924555565420414
-0.06369204982047598 0.39437627482495224
-0.05617990720286859 0.39437627482495224
-0.05430187154846676 0.39629699310786326
-0.035521515004448403 0.39629699310786326
-0.03364347935004657 0.3982177113907742
0.030209732899615902 0.3982177113907742
0.03208776855401773 0.39629699310786326
0.052746160752437855 0.39629699310786326
0.05462419640683969 0.39437627482495224
0.06213633902444714 0.39437627482495224
0.06401437467884896 0.3924555565420414
0.07528258860525995 0.3924555565420414
0.07716062425966178 0.39053483825913043
0.08091669556846544 0.39053483825913043
0.08279473122286726 0.3886141199762194
0.09218490949487641 0.3886141199762194
0.09406294514927824 0.38669340169330846
0.0978190164580819 0.38669340169330846
0.09969705211248386 0.38477268341039744
0.10533115907568935 0.38477268341039744
0.10720919473009118 0.3828519651274865
0.11096526603889484 0.3828519651274865
0.11284330169329668 0.38093124684457547
0.11847740865650216 0.38093124684457547
0.12035544431090399 0.3790105285616645
0.12223347996530581 0.3790105285616645
0.12411151561970765 0.37708981027875366
0.12974562258291314 0.37708981027875366
0.13162365823731498 0.37516909199584264
0.1335016938917168 0.37516909199584264
0.13537972954611877 0.3732483737129317
0.13913580085492241 0.3732483737129317
0.14101383650932425 0.37132765543002066
0.1428918721637261 0.37132765543002066
0.1447699078181279 0.3694069371471097
0.14852597912693158 0.3694069371471097
0.1504040147813334 0.3674862188641987
0.15228205043573523 0.3674862188641987
0.15416008609013707 0.36556550058128773
0.15791615739894072 0.36556550058128773
0.16167222870774436 0.36172406401546586
0.16542830001654804 0.36172406401546586
0.16730633567094985 0.3598033457325549
0.1691843713253517 0.3598033457325549
0.17106240697975353 0.3578826274496439
0.17294044263415548 0.3578826274496439
0.17481847828855732 0.3559619091667329
0.17669651394295915 0.3559619091667329
0.17857454959736097 0.3540411908838219
0.1804525852517628 0.3540411908838219
0.18420865656056645 0.350199754318
0.18796472786937013 0.350199754318
0.19172079917817378 0.3463583177521781
0.19359883483257562 0.3463583177521781
0.19547687048697743 0.3444375994692671
0.19735490614137927 0.3444375994692671
0.1992329417957811 0.34251688118635615
0.20111097745018294 0.34251688118635615
0.2048670487589866 0.33867544462053417
0.20674508441338843 0.33867544462053417
0.21050115572219222 0.3348340080547122
0.21237919137659403 0.3348340080547122
0.2161352626853977 0.3309925714888904
0.21801329833979952 0.3309925714888904
0.2217693696486032 0.3271511349230684
0.223647405303005 0.3271511349230684
0.22928151226621052 0.3213889800743354
0.23115954792061233 0.3213889800743354
0.23679365488381782 0.3156268252256026
0.23867169053821966 0.3156268252256026
0.2461838331558271 0.30794395209395864
0.24806186881022893 0.30794395209395864
0.25557401142783626 0.30026107896231485
0.25745204708223807 0.30026107896231485
0.25745204708223807 0.29834036067940384
0.25933008273663993 0.2964196423964929
0.26120811839104174 0.2964196423964929
0.29125668886147116 0.26568814986991734
0.29125668886147116 0.2637674315870064
0.29876883147907846 0.25608455845536254
0.29876883147907846 0.2541638401724516
0.3062809740966858 0.24648096704080763
0.3062809740966858 0.24456024875789678
0.3119150810598913 0.23879809390916382
0.3119150810598913 0.23687737562625283
0.3175491880230968 0.23111522077751986
0.3175491880230968 0.22919450249460901
0.3213052593319006 0.22535306592878704
0.3213052593319006 0.22343234764587605
0.3250613306407042 0.2195909110800541
0.3250613306407042 0.2176701927971431
0.32881740194950787 0.21382875623132128
0.32881740194950787 0.2119080379484103
0.33257347325831155 0.2080666013825883
0.33257347325831155 0.20614588309967732
0.33445150891271336 0.20422516481676634
0.33445150891271336 0.20230444653385535
0.33632954456711517 0.2003837282509445
0.33632954456711517 0.1984630099680335
0.34008561587591885 0.19462157340221153
0.34008561587591885 0.19078013683638956
0.3438416871847225 0.18693870027056758
0.3438416871847225 0.18501798198765673
0.34571972283912433 0.18309726370474574
0.34571972283912433 0.18117654542183476
0.3475977584935262 0.17925582713892377
0.3475977584935262 0.17733510885601278
0.349475794147928 0.17541439057310182
0.349475794147928 0.17349367229019083
0.3513538298023298 0.17157295400727984
0.3513538298023298 0.16965223572436897
0.3532318654567317 0.167731517441458
0.3532318654567317 0.16581079915854702
0.3551099011111335 0.16389008087563603
0.3551099011111335 0.16004864430981405
0.3569879367655353 0.15812792602690307
0.3569879367655353 0.15620720774399222
0.3588659724199373 0.15428648946108123
0.3588659724199373 0.15044505289525925
0.3607440080743391 0.14852433461234826
0.3607440080743391 0.14660361632943728
0.36262204372874096 0.1446828980465263
0.36262204372874096 0.14084146148070445
0.36450007938314277 0.13892074319779346
0.36450007938314277 0.13700002491488247
0.3663781150375446 0.13507930663197149
0.3663781150375446 0.12931715178323852
0.36825615069194645 0.12739643350032756
0.36825615069194645 0.12547571521741668
0.37013418634634826 0.12355499693450571
0.37013418634634826 0.11779284208577274
0.37201222200075007 0.11587212380286176
0.37201222200075007 0.11203068723703992
0.37389025765515194 0.11010996895412893
0.37389025765515194 0.10434781410539598
0.37576829330955375 0.10242709582248499
0.37576829330955375 0.09858565925666302
0.37764632896395556 0.09666494097375217
0.37764632896395556 0.08706134955919724
0.3795243646183574 0.08514063127628625
0.3795243646183574 0.08129919471046441
0.38140240027275923 0.07937847642755343
0.38140240027275923 0.06785416673008764
0.38328043592716105 0.06593344844717665
0.38328043592716105 0.0582505753155327
0.3851584715815629 0.05632985703262172
0.3851584715815629 0.03520195592060114
0.3870365072359647 0.03328123763769015
0.3870365072359647 -0.03202318398128279
0.3851584715815629 -0.03394390226419377
0.3851584715815629 -0.0531510850933035
0.38328043592716105 -0.05507180337621442
0.38328043592716105 -0.0627546765078583
0.38140240027275923 -0.06467539479076928
0.38140240027275923 -0.07427898620532415
0.3795243646183574 -0.07619970448823514
0.3795243646183574 -0.08196185933696803
0.37764632896395556 -0.08388257761987895
0.37764632896395556 -0.09348616903443381
0.37576829330955375 -0.0954068873173448
0.37576829330955375 -0.0992483238831667
0.37389025765515194 -0.1011690421660777
0.37389025765515194 -0.10693119701481059
0.37201222200075007 -0.10885191529772158
0.37201222200075007 -0.11269335186354354
0.37013418634634826 -0.11461407014645446
0.37013418634634826 -0.12037622499518742
0.36825615069194645 -0.12229694327809834
0.36825615069194645 -0.12421766156100933
0.3663781150375446 -0.12613837984392032
0.3663781150375446 -0.1319005346926532
0.36450007938314277 -0.1338212529755642
0.36450007938314277 -0.13574197125847512
0.36262204372874096 -0.1376626895413861
0.36262204372874096 -0.14150412610720808
0.3607440080743391 -0.143424844390119
0.3607440080743391 -0.14534556267302998
0.3588659724199373 -0.14726628095594096
0.3588659724199373 -0.15110771752176286
0.3569879367655353 -0.15302843580467385
0.3569879367655353 -0.15494915408758483
0.3551099011111335 -0.15686987237049582
0.3551099011111335 -0.16071130893631774
0.3513538298023298 -0.16455274550213972
0.3513538298023298 -0.1683941820679616
0.349475794147928 -0.1703149003508726
0.349475794147928 -0.1722356186337836
0.3475977584935262 -0.1741563369166945
0.3475977584935262 -0.17607705519960548
0.34571972283912433 -0.17799777348251647
0.34571972283912433 -0.1799184917654274
0.3438416871847225 -0.1818392100483384
0.3438416871847225 -0.18375992833124938
0.34008561587591885 -0.18760136489707127
0.34008561587591885 -0.19144280146289325
0.33632954456711517 -0.19528423802871517
0.33632954456711517 -0.19720495631162616
0.33445150891271336 -0.19912567459453712
0.33445150891271336 -0.2010463928774481
0.33257347325831155 -0.20296711116035904
0.33257347325831155 -0.20488782944327003
0.32881740194950787 -0.208729266009092
0.32881740194950787 -0.2106499842920029
0.3250613306407042 -0.21449142085782488
0.3250613306407042 -0.21641213914073587
0.3213052593319006 -0.2202535757065578
0.3213052593319006 -0.22217429398946875
0.3175491880230968 -0.22601573055529067
0.3175491880230968 -0.22793644883820166
0.3119150810598913 -0.23369860368693454
0.3119150810598913 -0.23561932196984553
0.3062809740966858 -0.24138147681857844
0.3062809740966858 -0.24330219510148943
0.29876883147907846 -0.25098506823313327
0.29876883147907846 -0.2529057865160443
0.29125668886147116 -0.2605886596476882
0.29125668886147116 -0.2625093779305991
0.26120811839104174 -0.2932408704571746
0.25933008273663993 -0.2932408704571746
0.25745204708223807 -0.2951615887400856
0.25745204708223807 -0.29708230702299654
0.25557401142783626 -0.29708230702299654
0.24806186881022893 -0.30476518015464044
0.2461838331558271 -0.30476518015464044
0.23867169053821966 -0.31244805328628433
0.23679365488381782 -0.31244805328628433
0.23115954792061233 -0.3182102081350172
0.22928151226621052 -0.3182102081350172
0.223647405303005 -0.3239723629837501
0.2217693696486032 -0.3239723629837501
0.21801329833979952 -0.32781379954957207
0.2161352626853977 -0.32781379954957207
0.21237919137659403 -0.331655236115394
0.21050115572219222 -0.331655236115394
0.20674508441338843 -0.3354966726812159
0.2048670487589866 -0.3354966726812159
0.20111097745018294 -0.3393381092470379
0.1992329417957811 -0.3393381092470379
0.19735490614137927 -0.34125882752994885
0.19547687048697743 -0.34125882752994885
0.19359883483257562 -0.3431795458128598
0.19172079917817378 -0.3431795458128598
0.18796472786937013 -0.34702098237868173
0.1860866922149683 -0.34702098237868173
0.18420865656056645 -0.34894170066159264
0.18233062090616464 -0.34894170066159264
0.1804525852517628 -0.35086241894450365
0.17857454959736097 -0.35086241894450365
0.17669651394295915 -0.3527831372274146
0.17481847828855732 -0.3527831372274146
0.17294044263415548 -0.3547038555103256
0.17106240697975353 -0.3547038555103256
0.1691843713253517 -0.3566245737932366
0.16730633567094985 -0.3566245737932366
0.16542830001654804 -0.3585452920761476
0.16167222870774436 -0.3585452920761476
0.15791615739894072 -0.3623867286419695
0.15416008609013707 -0.3623867286419695
0.15228205043573523 -0.36430744692488043
0.1504040147813334 -0.36430744692488043
0.14852597912693158 -0.3662281652077914
0.1447699078181279 -0.3662281652077914
0.1428918721637261 -0.3681488834907024
0.14101383650932425 -0.3681488834907024
0.13913580085492241 -0.37006960177361337
0.13537972954611877 -0.37006960177361337
0.1335016938917168 -0.3719903200565244
0.13162365823731498 -0.3719903200565244
0.12974562258291314 -0.3739110383394353
0.12411151561970765 -0.3739110383394353
0.12223347996530581 -0.37583175662234625
0.12035544431090399 -0.37583175662234625
0.11847740865650216 -0.3777524749052572
0.11284330169329668 -0.3777524749052572
0.11096526603889484 -0.37967319318816817
0.10720919473009118 -0.37967319318816817
0.10533115907568935 -0.3815939114710792
0.0978190164580819 -0.3815939114710792
0.09594098080368008 -0.38351462975399014
0.09406294514927824 -0.38351462975399014
0.09218490949487641 -0.38543534803690116
0.08279473122286726 -0.38543534803690116
0.08091669556846544 -0.3873560663198121
0.07716062425966178 -0.3873560663198121
0.07528258860525995 -0.389276784602723
0.06401437467884896 -0.389276784602723
0.06213633902444714 -0.39119750288563404
0.05462419640683969 -0.39119750288563404
0.052746160752437855 -0.39311822116854495
0.03208776855401773 -0.39311822116854495
0.030209732899615902 -0.39503893945145596
