0.02489561735559614 -0.2343646830312264
0.014115598784931332 -0.2262670164992716
0.009803591356665347 -0.2262670164992716
0.005491583928399438 -0.2230279498864897
0.0011795765001335295 -0.2230279498864897
0.0011795765001335295 -0.22140841658009874
-0.000976427213999463 -0.21978888327370777
-0.005288434642265372 -0.21978888327370777
-0.00960044207053128 -0.21654981666092588
-0.013912449498797188 -0.21654981666092588
-0.02038046064119609 -0.21169121674175298
-0.024692468069461997 -0.21169121674175298
-0.029004475497727906 -0.20845215012897106
-0.033316482925993894 -0.20845215012897106
-0.04194049778252571 -0.20197401690340724
-0.04625250521079162 -0.20197401690340724
-0.05056451263905753 -0.19873495029062532
-0.05272051635319052 -0.19873495029062532
-0.05487652006732351 -0.19711541698423438
-0.05918852749558942 -0.19711541698423438
-0.06350053492385532 -0.19387635037145245
-0.06781254235212124 -0.19387635037145245
-0.07212454978038714 -0.19063728375867053
-0.08074856463691904 -0.19063728375867053
-0.08074856463691904 -0.1890177504522796
-0.08290456835105195 -0.1873982171458886
-0.08721657577931793 -0.1873982171458886
-0.08937257949345086 -0.18577868383949767
-0.09368458692171676 -0.18577868383949767
-0.09799659434998272 -0.18253961722671574
-0.10230860177824866 -0.18253961722671574
-0.10662060920651456 -0.17930055061393385
-0.11093261663478048 -0.17930055061393385
-0.12602464263371124 -0.16796381746919714
-0.13033665006197714 -0.16796381746919714
-0.13033665006197714 -0.1663442841628062
-0.13249265377611008 -0.16472475085641522
-0.13680466120437604 -0.16472475085641522
-0.14111666863264194 -0.1614856842436333
-0.1454286760609079 -0.1614856842436333
-0.1497406834891738 -0.1582466176308514
-0.1540526909174397 -0.1582466176308514
-0.1562086946315727 -0.15662708432446043
-0.16052070205983862 -0.15662708432446043
-0.16483270948810452 -0.15338801771167854
-0.17130072063050342 -0.15338801771167854
-0.17561272805876932 -0.15014895109889662
-0.18854875034356713 -0.15014895109889662
-0.18854875034356713 -0.14852941779250564
-0.1907047540577001 -0.1469098844861147
-0.195016761485966 -0.1469098844861147
-0.19932876891423193 -0.14367081787333277
-0.20364077634249786 -0.14367081787333277
-0.21010878748489675 -0.1388122179541599
-0.21442079491316265 -0.1388122179541599
-0.2230448097696945 -0.13233408472859606
-0.22735681719796041 -0.13233408472859606
-0.23382482834035934 -0.1274754848094232
-0.23813683576862524 -0.1274754848094232
-0.23813683576862524 -0.12585595150303225
-0.24029283948275817 -0.1242364181966413
-0.2467608506251571 -0.1242364181966413
-0.2467608506251571 -0.12261688489025034
-0.24891685433929003 -0.12099735158385938
-0.253228861767556 -0.12099735158385938
-0.2575408691958219 -0.11775828497107746
-0.2618528766240878 -0.11775828497107746
-0.2661648840523538 -0.11451921835829555
-0.27047689148061965 -0.11451921835829555
-0.2726328951947526 -0.11289968505190459
-0.2791009063371515 -0.11289968505190459
-0.28341291376541744 -0.10966061843912268
-0.28772492119368337 -0.10966061843912268
-0.2920369286219493 -0.10642155182634076
-0.29634893605021523 -0.10642155182634076
-0.30497295090674703 -0.09994341860077693
-0.30497295090674703 -0.08860668545604022
-0.30066094347848116 -0.08536761884325832
-0.30066094347848116 -0.0821285522304764
-0.29850493976434817 -0.0821285522304764
-0.29634893605021523 -0.08050901892408546
-0.29634893605021523 -0.07726995231130353
-0.2920369286219493 -0.0740308856985216
-0.2920369286219493 -0.07079181908573969
-0.2898809249078163 -0.06917228577934875
-0.2898809249078163 -0.06593321916656682
-0.28556891747955043 -0.0626941525537849
-0.28556891747955043 -0.059455085941003016
-0.28341291376541744 -0.059455085941003016
-0.28125691005128445 -0.057835552634612035
-0.28125691005128445 -0.05297695271543917
-0.2791009063371515 -0.05297695271543917
-0.2726328951947526 -0.048118352796266306
-0.2726328951947526 -0.04487928618348438
-0.27047689148061965 -0.04325975287709344
-0.27047689148061965 -0.04002068626431152
-0.2661648840523538 -0.036781619651529596
-0.2661648840523538 -0.02706441981318386
-0.2640088803382208 -0.02706441981318386
-0.2618528766240878 -0.025444886506792882
-0.2618528766240878 -0.022205819894010995
-0.2575408691958219 -0.018966753281229074
-0.2575408691958219 -0.007630020136492362
-0.253228861767556 -0.004390953523710439
-0.253228861767556 0.016662979459372004
-0.251072858053423 0.018282512765762947
-0.251072858053423 0.050673178893582096
-0.2467608506251571 0.053912245506364025
-0.2467608506251571 0.058770845425536886
-0.24244884319689117 0.062009912038318814
-0.24244884319689117 0.07496617848944646
-0.24029283948275817 0.07496617848944646
-0.23813683576862524 0.07658571179583741
-0.23813683576862524 0.07982477840861933
-0.22520081348382748 0.08954197824696505
-0.22088880605556155 0.08954197824696505
-0.21226479119902972 0.09602011147252891
-0.21226479119902972 0.09763964477891988
-0.21010878748489675 0.09763964477891988
-0.20795278377076376 0.09925917808531079
-0.20795278377076376 0.10087871139170178
-0.2057967800566308 0.10087871139170178
-0.20364077634249786 0.10249824469809275
-0.20364077634249786 0.10411777800448366
-0.2014847726283649 0.10411777800448366
-0.19932876891423193 0.10573731131087463
-0.19717276520009894 0.10573731131087463
-0.19286075777183304 0.10897637792365653
-0.1907047540577001 0.10897637792365653
-0.18854875034356713 0.1105959112300475
-0.18854875034356713 0.11221544453643849
-0.18639274662943414 0.11221544453643849
-0.18423674291530118 0.11383497784282946
-0.18423674291530118 0.11545451114922037
-0.17992473548703528 0.11545451114922037
-0.17345672434463638 0.12031311106839324
-0.16914471691637048 0.12031311106839324
-0.16052070205983862 0.12679124429395708
-0.1562086946315727 0.12679124429395708
-0.14758467977504086 0.13326937751952092
-0.1432726723467749 0.13326937751952092
-0.138960664918509 0.13650844413230281
-0.138960664918509 0.1381279774386938
-0.13249265377611008 0.1381279774386938
-0.13033665006197714 0.13974751074508476
-0.13033665006197714 0.14136704405147568
-0.12818064634784418 0.14136704405147568
-0.12602464263371124 0.14298657735786666
-0.12602464263371124 0.14460611066425763
-0.11955663149131233 0.1494647105834305
-0.11524462406304642 0.1494647105834305
-0.10230860177824866 0.15918191042177623
-0.09799659434998272 0.15918191042177623
-0.08721657577931793 0.167279576953731
-0.08290456835105195 0.167279576953731
-0.06781254235212124 0.1786163100984677
-0.06350053492385532 0.1786163100984677
-0.06134453120972234 0.18023584340485868
-0.06134453120972234 0.18185537671124966
-0.05918852749558942 0.18185537671124966
-0.05703252378145643 0.18347491001764055
-0.05703252378145643 0.18509444332403155
-0.05272051635319052 0.18509444332403155
-0.04840850892492461 0.18833350993681341
-0.04840850892492461 0.18995304324320442
-0.04625250521079162 0.1915725765495954
-0.04625250521079162 0.19319210985598637
-0.044096501496658704 0.19319210985598637
-0.04194049778252571 0.19481164316237728
-0.04194049778252571 0.19643117646876826
-0.03978449406839272 0.19643117646876826
-0.0376284903542598 0.19805070977515923
-0.0376284903542598 0.19967024308155013
-0.03547248664012681 0.19967024308155013
-0.033316482925993894 0.20128977638794113
-0.033316482925993894 0.2029093096943321
-0.031160479211860898 0.2029093096943321
-0.02684847178359499 0.206148376307114
-0.02684847178359499 0.20776790961350497
-0.024692468069461997 0.20776790961350497
-0.02253646435532908 0.20938744291989594
-0.02253646435532908 0.21100697622628684
-0.013912449498797188 0.21100697622628684
-0.005288434642265372 0.2174851094518507
0.007647587642532431 0.2174851094518507
0.01195959507079834 0.2142460428390688
0.020583609927330156 0.2142460428390688
0.02489561735559614 0.21100697622628684
0.02920762478386205 0.21100697622628684
0.033519632212127955 0.20776790961350497
0.03783163964039386 0.20776790961350497
0.03783163964039386 0.206148376307114
0.039987643354526856 0.204528843000723
0.044299650782792764 0.204528843000723
0.046455654496925756 0.2029093096943321
0.050767661925191665 0.2029093096943321
0.055079669353457573 0.19967024308155013
0.0637036842099894 0.19967024308155013
0.0637036842099894 0.19805070977515923
0.06585968792412239 0.19643117646876826
0.07232769906652128 0.19643117646876826
0.07232769906652128 0.19481164316237728
0.0744837027806542 0.19319210985598637
0.07879571020892019 0.19319210985598637
0.0831077176371861 0.18995304324320442
0.08741972506545201 0.18995304324320442
0.089575728779585 0.18833350993681341
0.0938877362078509 0.18833350993681341
0.09819974363611682 0.18509444332403155
0.10682375849264863 0.18509444332403155
0.10682375849264863 0.18347491001764055
0.10897976220678163 0.18185537671124966
0.11329176963504753 0.18185537671124966
0.11760377706331344 0.1786163100984677
0.12191578449157943 0.1786163100984677
0.12838379563397825 0.17375771017929484
0.13700781049051014 0.17375771017929484
0.13700781049051014 0.17213817687290392
0.13916381420464305 0.17051864356651295
0.14778782906117496 0.17051864356651295
0.15209983648944086 0.167279576953731
0.15641184391770677 0.167279576953731
0.16072385134597267 0.1640405103409491
0.16503585877423865 0.1640405103409491
0.16934786620250458 0.1608014437281672
0.18012788477316938 0.1608014437281672
0.1822838884873023 0.15918191042177623
0.1952199107721001 0.15918191042177623
0.1952199107721001 0.15756237711538526
0.1973759144862331 0.15594284380899434
0.2059999293427649 0.15594284380899434
0.21031193677103083 0.1527037771962124
0.21462394419929673 0.1527037771962124
0.2189359516275627 0.1494647105834305
0.22324795905582862 0.1494647105834305
0.2297159701982275 0.14460611066425763
0.23402797762649344 0.14460611066425763
0.23402797762649344 0.14298657735786666
0.23618398134062635 0.14136704405147568
0.24912000362542414 0.14136704405147568
0.2534320110536901 0.1381279774386938
0.2620560259102219 0.1381279774386938
0.2620560259102219 0.13650844413230281
0.2642120296243549 0.1348889108259119
0.2771480519091526 0.1348889108259119
0.2793040556232856 0.13326937751952092
0.28577206676568456 0.13326937751952092
0.2900840741939504 0.13003031090673897
0.29439608162221637 0.13003031090673897
0.2987080890504822 0.12679124429395708
0.30302009647874817 0.12679124429395708
0.31164411133528 0.12031311106839324
0.315956118763546 0.12031311106839324
0.318112122477679 0.11869357776200233
0.3224241299059448 0.11869357776200233
0.3267361373342108 0.11545451114922037
0.3375161559048756 0.11545451114922037
0.3418281633331414 0.11221544453643849
0.3504521781896734 0.11221544453643849
0.3504521781896734 0.1105959112300475
0.3526081819038063 0.10897637792365653
0.35476418561793926 0.10897637792365653
0.35476418561793926 0.10573731131087463
0.35692018933207226 0.10411777800448366
0.35692018933207226 0.08630291163418317
0.36123219676033824 0.08306384502140125
0.36123219676033824 0.0652489786511007
0.36554420418860406 0.062009912038318814
0.36554420418860406 0.010184846233808158
0.36985621161687005 0.006945779621026235
0.36985621161687005 -0.059455085941003016
0.37416821904513586 -0.0626941525537849
0.37416821904513586 -0.11613875166468651
0.37632422275926886 -0.11775828497107746
0.37632422275926886 -0.13557315134137798
0.37201221533100304 -0.1388122179541599
0.36770020790273705 -0.1388122179541599
0.36338820047447107 -0.14205128456694183
0.35692018933207226 -0.14205128456694183
0.35476418561793926 -0.14367081787333277
0.3353601521907426 -0.14367081787333277
0.3310481447624766 -0.1469098844861147
0.3224241299059448 -0.1469098844861147
0.318112122477679 -0.15014895109889662
0.30733210390701415 -0.15014895109889662
0.2987080890504822 -0.15662708432446043
0.28577206676568456 -0.15662708432446043
0.28361606305155157 -0.1582466176308514
0.2814600593374186 -0.1582466176308514
0.2771480519091526 -0.1614856842436333
0.2728360444808868 -0.1614856842436333
0.2685240370526208 -0.16472475085641522
0.2534320110536901 -0.16472475085641522
0.24265199248302524 -0.17282241738837
0.2297159701982275 -0.17282241738837
0.22540396276996152 -0.17606148400115193
0.2189359516275627 -0.17606148400115193
0.21462394419929673 -0.17930055061393385
0.2059999293427649 -0.17930055061393385
0.201687921914499 -0.18253961722671574
0.1909079033438342 -0.18253961722671574
0.18443989220143528 -0.1873982171458886
0.18012788477316938 -0.1873982171458886
0.17581587734490348 -0.19063728375867053
0.1715038699166375 -0.19063728375867053
0.1671918624883716 -0.19387635037145245
0.16287985506010566 -0.19387635037145245
0.16072385134597267 -0.19549588367784343
0.16072385134597267 -0.19711541698423438
0.15641184391770677 -0.19711541698423438
0.15425584020357386 -0.19873495029062532
0.14994383277530787 -0.19873495029062532
0.13700781049051014 -0.20845215012897106
0.12838379563397825 -0.20845215012897106
0.12191578449157943 -0.21331075004814395
0.11544777334918052 -0.21331075004814395
0.11113576592091462 -0.21654981666092588
0.10251175106438272 -0.21654981666092588
0.09819974363611682 -0.21978888327370777
0.0938877362078509 -0.21978888327370777
0.089575728779585 -0.2230279498864897
0.0744837027806542 -0.2230279498864897
0.07017169535238829 -0.2262670164992716
0.06585968792412239 -0.2262670164992716
0.0637036842099894 -0.22788654980566256
0.05292366563932458 -0.22788654980566256
0.04861165821105867 -0.23112561641844448
0.044299650782792764 -0.23112561641844448
0.039987643354526856 -0.2343646830312264
