-0.1937392389346177 -0.34962042034778273
0.16083378760776745 -0.36624103096695704
0.162680522121009 -0.36254756194047383
0.10912522123700291 -0.17048717256334858
0.10912522123700291 -0.16864043805010695
0.21623582300501512 -0.13724595132499995
0.27902479645522926 -0.04860269468940365
0.2882584690214372 0.056661172565366916
0.2550172477830885 0.16561850884662066
0.2070021504388072 0.24502809291600913
0.15160011504155954 0.29488992477353193
0.08142420353837918 0.3336713495516053
0.005708088495473979 0.3521386946840213
-0.09770904424605503 0.34475175663105495
-0.16049801769626906 0.31151053539270623
-0.20851311504055042 0.2579552345087001
-0.27499555751724764 0.1453044292009633
-0.2842292300834556 0.028960154866743092
-0.26391515043779806 -0.07445697787478592
-0.1494176106168195 -0.16864043805010695
-0.19743270796110088 -0.3459269513212996
-0.19558597344785925 -0.34408021680805795
