0.675 0.03755868544600939
0.659375 0.04929577464788732
0.653125 0.04929577464788732
0.646875 0.0539906103286385
0.640625 0.0539906103286385
0.640625 0.056338028169014086
0.6375 0.05868544600938967
0.63125 0.05868544600938967
0.625 0.06338028169014084
0.61875 0.06338028169014084
0.609375 0.07042253521126761
0.603125 0.07042253521126761
0.596875 0.07511737089201878
0.590625 0.07511737089201878
0.578125 0.08450704225352113
0.571875 0.08450704225352113
0.565625 0.0892018779342723
0.5625 0.0892018779342723
0.559375 0.09154929577464789
0.553125 0.09154929577464789
0.546875 0.09624413145539906
0.540625 0.09624413145539906
0.534375 0.10093896713615023
0.521875 0.10093896713615023
0.521875 0.10328638497652583
0.51875 0.1056338028169014
0.5125 0.1056338028169014
0.509375 0.107981220657277
0.503125 0.107981220657277
0.496875 0.11267605633802817
0.490625 0.11267605633802817
0.484375 0.11737089201877934
0.478125 0.11737089201877934
0.45625 0.13380281690140844
0.45 0.13380281690140844
0.45 0.13615023474178403
0.446875 0.13849765258215962
0.440625 0.13849765258215962
0.434375 0.1431924882629108
0.428125 0.1431924882629108
0.421875 0.14788732394366197
0.415625 0.14788732394366197
0.4125 0.15023474178403756
0.40625 0.15023474178403756
0.4 0.15492957746478872
0.390625 0.15492957746478872
0.384375 0.1596244131455399
0.365625 0.1596244131455399
0.365625 0.1619718309859155
0.3625 0.1643192488262911
0.35625 0.1643192488262911
0.35 0.16901408450704225
0.34375 0.16901408450704225
0.334375 0.176056338028169
0.328125 0.176056338028169
0.315625 0.18544600938967137
0.309375 0.18544600938967137
0.3 0.19248826291079812
0.29375 0.19248826291079812
0.29375 0.19483568075117372
0.290625 0.19718309859154928
0.28125 0.19718309859154928
0.28125 0.19953051643192488
0.278125 0.20187793427230047
0.271875 0.20187793427230047
0.265625 0.20657276995305165
0.259375 0.20657276995305165
0.253125 0.2112676056338028
0.246875 0.2112676056338028
0.24375 0.2136150234741784
0.234375 0.2136150234741784
0.228125 0.21830985915492956
0.221875 0.21830985915492956
0.215625 0.22300469483568075
0.209375 0.22300469483568075
0.196875 0.2323943661971831
0.196875 0.24882629107981222
0.203125 0.2535211267605634
0.203125 0.25821596244131456
0.20625 0.25821596244131456
0.209375 0.2605633802816901
0.209375 0.2652582159624413
0.215625 0.2699530516431925
0.215625 0.2746478873239437
0.21875 0.27699530516431925
0.21875 0.28169014084507044
0.225 0.2863849765258216
0.225 0.29107981220657275
0.228125 0.29107981220657275
0.23125 0.2934272300469484
0.23125 0.3004694835680751
0.234375 0.3004694835680751
0.24375 0.3075117370892019
0.24375 0.31220657276995306
0.246875 0.3145539906103286
0.246875 0.3192488262910798
0.253125 0.323943661971831
0.253125 0.3380281690140845
0.25625 0.3380281690140845
0.259375 0.3403755868544601
0.259375 0.34507042253521125
0.265625 0.34976525821596244
0.265625 0.36619718309859156
0.271875 0.37089201877934275
0.271875 0.4014084507042254
0.275 0.40375586854460094
0.275 0.4507042253521127
0.28125 0.45539906103286387
0.28125 0.4624413145539906
0.2875 0.4671361502347418
0.2875 0.4859154929577465
0.290625 0.4859154929577465
0.29375 0.48826291079812206
0.29375 0.49295774647887325
0.3125 0.5070422535211268
0.31875 0.5070422535211268
0.33125 0.5164319248826291
0.33125 0.5187793427230047
0.334375 0.5187793427230047
0.3375 0.5211267605633803
0.3375 0.5234741784037559
0.340625 0.5234741784037559
0.34375 0.5258215962441315
0.34375 0.528169014084507
0.346875 0.528169014084507
0.35 0.5305164319248826
0.353125 0.5305164319248826
0.359375 0.5352112676056338
0.3625 0.5352112676056338
0.365625 0.5375586854460094
0.365625 0.539906103286385
0.36875 0.539906103286385
0.371875 0.5422535211267606
0.371875 0.5446009389671361
0.378125 0.5446009389671361
0.3875 0.5516431924882629
0.39375 0.5516431924882629
0.40625 0.5610328638497653
0.4125 0.5610328638497653
0.425 0.5704225352112676
0.43125 0.5704225352112676
0.4375 0.5751173708920188
0.4375 0.5774647887323944
0.446875 0.5774647887323944
0.45 0.57981220657277
0.45 0.5821596244131455
0.453125 0.5821596244131455
0.45625 0.5845070422535211
0.45625 0.5868544600938967
0.465625 0.5938967136150235
0.471875 0.5938967136150235
0.490625 0.607981220657277
0.496875 0.607981220657277
0.5125 0.6197183098591549
0.51875 0.6197183098591549
0.540625 0.636150234741784
0.546875 0.636150234741784
0.55 0.6384976525821596
0.55 0.6408450704225352
0.553125 0.6408450704225352
0.55625 0.6431924882629108
0.55625 0.6455399061032864
0.5625 0.6455399061032864
0.56875 0.6502347417840375
0.56875 0.6525821596244131
0.571875 0.6549295774647887
0.571875 0.6572769953051644
0.575 0.6572769953051644
0.578125 0.6596244131455399
0.578125 0.6619718309859155
0.58125 0.6619718309859155
0.584375 0.6643192488262911
0.584375 0.6666666666666666
0.5875 0.6666666666666666
0.590625 0.6690140845070423
0.590625 0.6713615023474179
0.59375 0.6713615023474179
0.6 0.676056338028169
0.6 0.6784037558685446
0.603125 0.6784037558685446
0.60625 0.6807511737089202
0.60625 0.6830985915492958
0.61875 0.6830985915492958
0.63125 0.6924882629107981
0.65 0.6924882629107981
0.65625 0.687793427230047
0.66875 0.687793427230047
0.675 0.6830985915492958
0.68125 0.6830985915492958
0.6875 0.6784037558685446
0.69375 0.6784037558685446
0.69375 0.676056338028169
0.696875 0.6737089201877934
0.703125 0.6737089201877934
0.70625 0.6713615023474179
0.7125 0.6713615023474179
0.71875 0.6666666666666666
0.73125 0.6666666666666666
0.73125 0.6643192488262911
0.734375 0.6619718309859155
0.74375 0.6619718309859155
0.74375 0.6596244131455399
0.746875 0.6572769953051644
0.753125 0.6572769953051644
0.759375 0.6525821596244131
0.765625 0.6525821596244131
0.76875 0.6502347417840375
0.775 0.6502347417840375
0.78125 0.6455399061032864
0.79375 0.6455399061032864
0.79375 0.6431924882629108
0.796875 0.6408450704225352
0.803125 0.6408450704225352
0.809375 0.636150234741784
0.815625 0.636150234741784
0.825 0.6291079812206573
0.8375 0.6291079812206573
0.8375 0.6267605633802817
0.840625 0.6244131455399061
0.853125 0.6244131455399061
0.859375 0.6197183098591549
0.865625 0.6197183098591549
0.871875 0.6150234741784038
0.878125 0.6150234741784038
0.884375 0.6103286384976526
0.9 0.6103286384976526
0.903125 0.607981220657277
0.921875 0.607981220657277
0.921875 0.6056338028169014
0.925 0.6032863849765259
0.9375 0.6032863849765259
0.94375 0.5985915492957746
0.95 0.5985915492957746
0.95625 0.5938967136150235
0.9625 0.5938967136150235
0.971875 0.5868544600938967
0.978125 0.5868544600938967
0.978125 0.5845070422535211
0.98125 0.5821596244131455
1.0 0.5821596244131455
1.00625 0.5774647887323944
1.01875 0.5774647887323944
1.01875 0.5751173708920188
1.021875 0.5727699530516432
1.040625 0.5727699530516432
1.04375 0.5704225352112676
1.053125 0.5704225352112676
1.059375 0.5657276995305164
1.065625 0.5657276995305164
1.071875 0.5610328638497653
1.078125 0.5610328638497653
1.090625 0.5516431924882629
1.096875 0.5516431924882629
1.1 0.5492957746478874
1.10625 0.5492957746478874
1.1125 0.5446009389671361
1.128125 0.5446009389671361
1.134375 0.539906103286385
1.146875 0.539906103286385
1.146875 0.5375586854460094
1.15 0.5352112676056338
1.153125 0.5352112676056338
1.153125 0.5305164319248826
1.15625 0.528169014084507
1.15625 0.5023474178403756
1.1625 0.49765258215962443
1.1625 0.47183098591549294
1.16875 0.4671361502347418
1.16875 0.392018779342723
1.175 0.3873239436619718
1.175 0.29107981220657275
1.18125 0.2863849765258216
1.18125 0.20892018779342722
1.184375 0.20657276995305165
1.184375 0.1807511737089202
1.178125 0.176056338028169
1.171875 0.176056338028169
1.165625 0.17136150234741784
1.15625 0.17136150234741784
1.153125 0.16901408450704225
1.125 0.16901408450704225
1.11875 0.1643192488262911
1.10625 0.1643192488262911
1.1 0.1596244131455399
1.084375 0.1596244131455399
1.071875 0.15023474178403756
1.053125 0.15023474178403756
1.05 0.14788732394366197
1.046875 0.14788732394366197
1.040625 0.1431924882629108
1.034375 0.1431924882629108
1.028125 0.13849765258215962
1.00625 0.13849765258215962
0.990625 0.1267605633802817
0.971875 0.1267605633802817
0.965625 0.12206572769953052
0.95625 0.12206572769953052
0.95 0.11737089201877934
0.9375 0.11737089201877934
0.93125 0.11267605633802817
0.915625 0.11267605633802817
0.90625 0.1056338028169014
0.9 0.1056338028169014
0.89375 0.10093896713615023
0.8875 0.10093896713615023
0.88125 0.09624413145539906
0.875 0.09624413145539906
0.871875 0.09389671361502347
0.871875 0.09154929577464789
0.865625 0.09154929577464789
0.8625 0.0892018779342723
0.85625 0.0892018779342723
0.8375 0.07511737089201878
0.825 0.07511737089201878
0.815625 0.06807511737089202
0.80625 0.06807511737089202
0.8 0.06338028169014084
0.7875 0.06338028169014084
0.78125 0.05868544600938967
0.775 0.05868544600938967
0.76875 0.0539906103286385
0.746875 0.0539906103286385
0.740625 0.04929577464788732
0.734375 0.04929577464788732
0.73125 0.046948356807511735
0.715625 0.046948356807511735
0.709375 0.04225352112676056
0.703125 0.04225352112676056
0.696875 0.03755868544600939
