0.13250883392226148 0.12825278810408922
0.13074204946996468 0.13011152416356878
0.13074204946996468 0.8773234200743495
0.842756183745583 0.8773234200743495
0.842756183745583 0.8364312267657993
0.8409893992932862 0.8345724907063197
0.8409893992932862 0.8159851301115242
0.8392226148409894 0.8141263940520446
0.8392226148409894 0.7843866171003717
0.8374558303886925 0.7825278810408922
0.8374558303886925 0.7732342007434945
0.8356890459363958 0.7713754646840149
0.8356890459363958 0.7657992565055762
0.833922261484099 0.7639405204460966
0.833922261484099 0.7453531598513011
0.8321554770318021 0.7434944237918215
0.8321554770318021 0.7286245353159851
0.8303886925795053 0.7267657992565055
0.8303886925795053 0.7230483271375465
0.8286219081272085 0.7211895910780669
0.8286219081272085 0.7174721189591078
0.8268551236749117 0.7156133828996283
0.8268551236749117 0.7044609665427509
0.8250883392226148 0.7026022304832714
0.8250883392226148 0.6988847583643123
0.823321554770318 0.6970260223048327
0.823321554770318 0.6933085501858736
0.8215547703180212 0.6914498141263941
0.8215547703180212 0.6877323420074349
0.8197879858657244 0.6858736059479554
0.8197879858657244 0.6765799256505576
0.8180212014134276 0.6747211895910781
0.8180212014134276 0.671003717472119
0.8162544169611308 0.6691449814126395
0.8162544169611308 0.6672862453531598
0.8144876325088339 0.6654275092936803
0.8144876325088339 0.6579925650557621
0.8127208480565371 0.6561338289962825
0.8127208480565371 0.6524163568773235
0.8091872791519434 0.6486988847583643
0.8091872791519434 0.6394052044609665
0.8074204946996466 0.637546468401487
0.8074204946996466 0.6319702602230484
0.8056537102473498 0.6301115241635687
0.8056537102473498 0.6282527881040892
0.803886925795053 0.6263940520446096
0.803886925795053 0.6245353159851301
0.8021201413427562 0.6226765799256505
0.8021201413427562 0.6189591078066915
0.8003533568904594 0.6171003717472119
0.8003533568904594 0.6133828996282528
0.7985865724381626 0.6115241635687733
0.7985865724381626 0.6078066914498141
0.7950530035335689 0.604089219330855
0.7950530035335689 0.5985130111524164
0.7932862190812721 0.5966542750929368
0.7932862190812721 0.5947955390334573
0.7897526501766784 0.5910780669144982
0.7897526501766784 0.5836431226765799
0.784452296819788 0.5780669144981413
0.784452296819788 0.5724907063197026
0.7826855123674912 0.570631970260223
0.7826855123674912 0.5687732342007435
0.7809187279151943 0.5669144981412639
0.7809187279151943 0.5613382899628253
0.7773851590106007 0.5576208178438662
0.7773851590106007 0.5557620817843866
0.7756183745583038 0.5539033457249071
0.7756183745583038 0.5520446096654275
0.773851590106007 0.550185873605948
0.773851590106007 0.5483271375464684
0.7703180212014135 0.5446096654275093
0.7703180212014135 0.5390334572490706
0.7667844522968198 0.5353159851301115
0.7667844522968198 0.533457249070632
0.765017667844523 0.5315985130111525
0.765017667844523 0.5278810408921933
0.7597173144876325 0.5223048327137546
0.7597173144876325 0.5185873605947955
0.7561837455830389 0.5148698884758365
0.7561837455830389 0.5111524163568774
0.7544169611307421 0.5092936802973977
0.7544169611307421 0.5074349442379182
0.7526501766784452 0.5074349442379182
0.7508833922261484 0.5055762081784386
0.7508833922261484 0.5018587360594795
0.7455830388692579 0.4962825278810409
0.7455830388692579 0.49256505576208176
0.7438162544169611 0.49070631970260226
0.7438162544169611 0.4888475836431227
0.7402826855123675 0.4851301115241636
0.7402826855123675 0.48141263940520446
0.7385159010600707 0.48141263940520446
0.7367491166077739 0.4795539033457249
0.7367491166077739 0.47769516728624534
0.734982332155477 0.4758364312267658
0.734982332155477 0.4739776951672863
0.7314487632508834 0.47026022304832715
0.7314487632508834 0.46654275092936803
0.7296819787985865 0.46654275092936803
0.726148409893993 0.4628252788104089
0.726148409893993 0.4591078066914498
0.7208480565371025 0.45353159851301117
0.7208480565371025 0.44981412639405205
0.7190812720848057 0.44981412639405205
0.715547703180212 0.44609665427509293
0.715547703180212 0.44423791821561337
0.7137809187279152 0.4423791821561338
0.7137809187279152 0.44052044609665425
0.7120141342756183 0.44052044609665425
0.7102473498233216 0.43866171003717475
0.7102473498233216 0.4368029739776952
0.7067137809187279 0.43308550185873607
0.7067137809187279 0.42936802973977695
0.7014134275618374 0.42379182156133827
0.7014134275618374 0.42193308550185876
0.6996466431095406 0.4200743494423792
0.6978798586572438 0.4200743494423792
0.696113074204947 0.41821561338289964
0.696113074204947 0.4144981412639405
0.6943462897526502 0.4144981412639405
0.6908127208480566 0.4107806691449814
0.6908127208480566 0.40892193308550184
0.6855123674911661 0.4033457249070632
0.6855123674911661 0.40148698884758366
0.6819787985865724 0.39776951672862454
0.6819787985865724 0.395910780669145
0.6802120141342756 0.3940520446096654
0.6784452296819788 0.3940520446096654
0.676678445229682 0.39219330855018586
0.676678445229682 0.3903345724907063
0.6749116607773852 0.38847583643122674
0.6731448763250883 0.38847583643122674
0.6713780918727915 0.38661710037174724
0.6713780918727915 0.3828996282527881
0.6696113074204947 0.3828996282527881
0.6643109540636042 0.37732342007434944
0.6643109540636042 0.3754646840148699
0.6625441696113075 0.3754646840148699
0.6590106007067138 0.37174721189591076
0.6590106007067138 0.36988847583643125
0.6448763250883393 0.3550185873605948
0.6448763250883393 0.35315985130111527
0.6289752650176679 0.33643122676579923
0.627208480565371 0.33643122676579923
0.6113074204946997 0.31970260223048325
0.6095406360424028 0.31970260223048325
0.607773851590106 0.31784386617100374
0.607773851590106 0.3159851301115242
0.6060070671378092 0.3159851301115242
0.6007067137809188 0.3104089219330855
0.6007067137809188 0.30855018587360594
0.5971731448763251 0.30855018587360594
0.5954063604240283 0.3066914498141264
0.5954063604240283 0.3048327137546468
0.5936395759717314 0.30297397769516726
0.5918727915194346 0.30297397769516726
0.5901060070671378 0.30111524163568776
0.5901060070671378 0.2992565055762082
0.588339222614841 0.29739776951672864
0.5865724381625441 0.29739776951672864
0.5830388692579506 0.2936802973977695
0.5812720848056537 0.2936802973977695
0.5759717314487632 0.28810408921933084
0.5742049469964664 0.28810408921933084
0.5706713780918727 0.2843866171003718
0.5706713780918727 0.2825278810408922
0.5671378091872792 0.2825278810408922
0.5653710247349824 0.28066914498141265
0.5653710247349824 0.2788104089219331
0.5636042402826855 0.27695167286245354
0.5618374558303887 0.27695167286245354
0.5565371024734982 0.27137546468401486
0.5530035335689046 0.27137546468401486
0.549469964664311 0.26765799256505574
0.5477031802120141 0.26765799256505574
0.5459363957597173 0.26579925650557623
0.5459363957597173 0.26394052044609667
0.5441696113074205 0.26394052044609667
0.5424028268551236 0.2620817843866171
0.5406360424028268 0.2620817843866171
0.5371024734982333 0.258364312267658
0.5371024734982333 0.25650557620817843
0.5335689045936396 0.25650557620817843
0.5282685512367491 0.25092936802973975
0.5247349823321554 0.25092936802973975
0.5212014134275619 0.24721189591078066
0.5212014134275619 0.24535315985130113
0.5176678445229682 0.24535315985130113
0.5141342756183745 0.241635687732342
0.5123674911660777 0.241635687732342
0.5106007067137809 0.23977695167286245
0.508833922261484 0.23977695167286245
0.5070671378091873 0.2379182156133829
0.5070671378091873 0.23605947955390336
0.5035335689045937 0.23605947955390336
0.5017667844522968 0.2342007434944238
0.5 0.2342007434944238
0.49646643109540634 0.23048327137546468
0.4929328621908127 0.23048327137546468
0.4876325088339223 0.22490706319702602
0.4840989399293286 0.22490706319702602
0.4823321554770318 0.22304832713754646
0.4823321554770318 0.2211895910780669
0.48056537102473496 0.2211895910780669
0.4787985865724382 0.21933085501858737
0.4752650176678445 0.21933085501858737
0.4734982332155477 0.2174721189591078
0.4717314487632509 0.2174721189591078
0.46996466431095407 0.21561338289962825
0.4664310954063604 0.21561338289962825
0.4628975265017668 0.21189591078066913
0.4628975265017668 0.2100371747211896
0.4575971731448763 0.2100371747211896
0.45229681978798586 0.20446096654275092
0.4469964664310954 0.20446096654275092
0.44346289752650175 0.20074349442379183
0.4416961130742049 0.20074349442379183
0.43992932862190814 0.19888475836431227
0.4363957597173145 0.19888475836431227
0.43286219081272087 0.19516728624535315
0.43109540636042404 0.19516728624535315
0.4293286219081272 0.19330855018587362
0.42579505300353354 0.19330855018587362
0.42402826855123676 0.19144981412639406
0.42226148409893993 0.19144981412639406
0.4204946996466431 0.1895910780669145
0.41519434628975266 0.1895910780669145
0.411660777385159 0.18587360594795538
0.4098939929328622 0.18587360594795538
0.4081272084805654 0.18401486988847585
0.4028268551236749 0.18401486988847585
0.3992932862190813 0.18029739776951673
0.39752650176678445 0.18029739776951673
0.3957597173144876 0.17843866171003717
0.39045936395759717 0.17843866171003717
0.3869257950530035 0.17472118959107807
0.3833922261484099 0.17472118959107807
0.38162544169611307 0.17286245353159851
0.3763250883392226 0.17286245353159851
0.3745583038869258 0.17100371747211895
0.37279151943462896 0.17100371747211895
0.3710247349823322 0.1691449814126394
0.36925795053003535 0.1691449814126394
0.3674911660777385 0.16728624535315986
0.3657243816254417 0.16728624535315986
0.36395759717314485 0.1654275092936803
0.3586572438162544 0.1654275092936803
0.3568904593639576 0.16356877323420074
0.3480565371024735 0.16356877323420074
0.3462897526501767 0.16171003717472118
0.34452296819787986 0.16171003717472118
0.34275618374558303 0.15985130111524162
0.3409893992932862 0.15985130111524162
0.3392226148409894 0.1579925650557621
0.3303886925795053 0.1579925650557621
0.3286219081272085 0.15613382899628253
0.32685512367491165 0.15613382899628253
0.3250883392226148 0.15427509293680297
0.3215547703180212 0.15427509293680297
0.3197879858657244 0.1524163568773234
0.31095406360424027 0.1524163568773234
0.30918727915194344 0.15055762081784388
0.30742049469964666 0.15055762081784388
0.30565371024734983 0.14869888475836432
0.30212014134275617 0.14869888475836432
0.3003533568904594 0.14684014869888476
0.2968197879858657 0.14684014869888476
0.2950530035335689 0.1449814126394052
0.284452296819788 0.1449814126394052
0.2826855123674912 0.14312267657992564
0.2773851590106007 0.14312267657992564
0.2756183745583039 0.1412639405204461
0.27208480565371024 0.1412639405204461
0.2703180212014134 0.13940520446096655
0.25618374558303886 0.13940520446096655
0.254416961130742 0.137546468401487
0.23674911660777384 0.137546468401487
0.23498233215547704 0.13568773234200743
0.22791519434628976 0.13568773234200743
0.22614840989399293 0.13382899628252787
0.21908127208480566 0.13382899628252787
0.21731448763250882 0.13197026022304834
0.18904593639575973 0.13197026022304834
0.1872791519434629 0.13011152416356878
0.16607773851590105 0.13011152416356878
0.16431095406360424 0.12825278810408922
