0.14425306223147377 -0.36562340133361254
-0.20058695951997377 -0.34607061659512844
-0.15437128650173848 -0.1754281316047214
-0.2645778913913764 -0.08477431145356769
-0.2752430467032768 0.12675126889912444
-0.20414201129060724 0.24406797733002913
-0.1046005617128698 0.31872406451333235
0.08203965624538795 0.30094880566016485
0.19046873524970898 0.22096014082091153
0.23668440826794435 0.14274900186697506
0.25801471889174526 -0.05988894905913331
0.19757883879097596 -0.14521019155433681
0.09448233744260502 -0.17720565749003817
