-0.27158393036503015 -0.14900007331371845
-0.2726257474631744 -0.1479040352513585
-0.2726257474631744 0.29270326581735545
0.1472265430889771 0.29270326581735545
0.1472265430889771 0.2685904284454358
0.1461847259908328 0.26749439038307576
0.1461847259908328 0.25653400975947593
0.14514290889268847 0.25543797169711596
0.14514290889268847 0.2379013626993562
0.14410109179454417 0.23680532463699625
0.14410109179454417 0.23132513432519633
0.14305927469639992 0.2302290962628363
0.14305927469639992 0.22694098207575636
0.14201745759825563 0.22584494401339636
0.14201745759825563 0.21488456338979653
0.14097564050011133 0.2137885253274365
0.14097564050011133 0.20502022082855667
0.13993382340196703 0.20392418276619664
0.13993382340196703 0.20173210664147673
0.13889200630382273 0.2006360685791167
0.13889200630382273 0.19844399245439673
0.1378501892056784 0.19734795439203678
0.1378501892056784 0.19077172601787684
0.1368083721075341 0.1896756879555169
0.1368083721075341 0.18748361183079693
0.1357665550093898 0.1863875737684369
0.1357665550093898 0.18419549764371693
0.1347247379112455 0.18309945958135695
0.1347247379112455 0.18090738345663698
0.13368292081310126 0.17981134539427704
0.13368292081310126 0.17433115508247704
0.13264110371495696 0.1732351170201171
0.13264110371495696 0.17104304089539712
0.13159928661681267 0.16994700283303715
0.13159928661681267 0.16885096477067715
0.13055746951866834 0.16775492670831718
0.13055746951866834 0.16337077445887724
0.12951565242052404 0.1622747363965172
0.12951565242052404 0.1600826602717973
0.12743201822423544 0.15789058414707732
0.12743201822423544 0.15241039383527735
0.12639020112609115 0.15131435577291738
0.12639020112609115 0.14802624158583746
0.12534838402794682 0.14693020352347744
0.12534838402794682 0.1458341654611175
0.12430656692980259 0.14473812739875747
0.12430656692980259 0.14364208933639752
0.12326474983165829 0.1425460512740375
0.12326474983165829 0.14035397514931758
0.12222293273351399 0.13925793708695755
0.12222293273351399 0.13706586096223758
0.12118111563536968 0.13596982289987763
0.12118111563536968 0.13377774677515764
0.11909748143908107 0.13158567065043766
0.11909748143908107 0.12829755646335775
0.11805566434093677 0.12720151840099772
0.11805566434093677 0.12610548033863775
0.11597203014464816 0.12391340421391778
0.11597203014464816 0.11952925196447783
0.11284657885021532 0.11624113777739789
0.11284657885021532 0.11295302359031789
0.111804761752071 0.11185698552795795
0.111804761752071 0.11076094746559799
0.1107629446539267 0.10966490940323796
0.1107629446539267 0.10637679521615803
0.1086793104576381 0.10418471909143806
0.1086793104576381 0.10308868102907803
0.1076374933594938 0.10199264296671808
0.1076374933594938 0.10089660490435806
0.10659567626134948 0.0998005668419981
0.10659567626134948 0.09870452877963815
0.10451204206506094 0.09651245265491817
0.10451204206506094 0.09322433846783817
0.10242840786877234 0.09103226234311819
0.10242840786877234 0.08993622428075823
0.10138659077062803 0.08884018621839829
0.10138659077062803 0.0866481100936783
0.09826113947619512 0.0833599959065983
0.09826113947619512 0.08116791978187833
0.09617750527990658 0.07897584365715841
0.09617750527990658 0.07678376753243844
0.09513568818176228 0.07568772947007842
0.09513568818176228 0.07459169140771846
0.09409387108361797 0.07459169140771846
0.09305205398547367 0.07349565334535844
0.09305205398547367 0.07130357722063847
0.08992660269104076 0.06801546303355853
0.08992660269104076 0.06582338690883856
0.08888478559289645 0.0647273488464786
0.08888478559289645 0.06363131078411861
0.0868011513966079 0.061439234659398635
0.0868011513966079 0.05924715853467866
0.08575933429846361 0.05924715853467866
0.08471751720031931 0.05815112047231867
0.08471751720031931 0.057055082409958685
0.083675700102175 0.05595904434759869
0.083675700102175 0.05486300628523874
0.08159206590588639 0.05267093016051876
0.08159206590588639 0.050478854035798784
0.08055024880774209 0.050478854035798784
0.07846661461145354 0.048286777911078806
0.07846661461145354 0.04609470178635883
0.07534116331702063 0.0428065875992789
0.07534116331702063 0.04061451147455892
0.07429934621887632 0.04061451147455892
0.07221571202258772 0.03842243534983894
0.07221571202258772 0.037326397287478955
0.07117389492444341 0.03623035922511897
0.07117389492444341 0.035134321162758976
0.07013207782629911 0.035134321162758976
0.06909026072815487 0.034038283100399025
0.06909026072815487 0.03294224503803903
0.06700662653186626 0.030750168913319057
0.06700662653186626 0.028558092788599082
0.06388117523743335 0.025269978601519114
0.06388117523743335 0.02417394053915916
0.06283935813928905 0.02307790247679917
0.061797541041144745 0.02307790247679917
0.06075572394300044 0.02198186441443918
0.06075572394300044 0.019789788289719206
0.0597139068448562 0.019789788289719206
0.05763027264856759 0.017597712164999228
0.05763027264856759 0.016501674102639242
0.05450482135413468 0.013213559915559307
0.05450482135413468 0.01211752185319932
0.05242118715784608 0.009925445728479343
0.05242118715784608 0.008829407666119353
0.05137937005970177 0.007733369603759366
0.05033755296155753 0.007733369603759366
0.04929573586341323 0.0066373315413993765
0.04929573586341323 0.005541293479039388
0.048253918765268924 0.0044452554166794
0.04721210166712462 0.0044452554166794
0.04617028456898031 0.0033492173543194443
0.04617028456898031 0.0011571412295994675
0.045128467470836015 0.0011571412295994675
0.0420030161764031 -0.002130972957480498
0.0420030161764031 -0.0032270110198404866
0.04096119907825886 -0.0032270110198404866
0.03887756488197025 -0.005419087144560463
0.03887756488197025 -0.006515125206920419
0.030543028096815885 -0.015283429705800327
0.030543028096815885 -0.016379467768160284
0.021166674213517214 -0.02624381032940018
0.020124857115372912 -0.02624381032940018
0.010748503232074241 -0.03610815289064004
0.009706686133929937 -0.03610815289064004
0.008664869035785634 -0.037204190952999996
0.008664869035785634 -0.03830022901535999
0.007623051937641329 -0.03830022901535999
0.004497600643208482 -0.041588343202439954
0.004497600643208482 -0.04268438126479994
0.002413966446919874 -0.04268438126479994
0.00137214934877557 -0.043780419327159925
0.00137214934877557 -0.04487645738951992
0.0003303322506312661 -0.045972495451879904
-0.0007114848475130379 -0.045972495451879904
-0.001753301945657342 -0.04706853351423986
-0.001753301945657342 -0.04816457157659985
-0.002795119043801646 -0.04926060963895984
-0.00383693614194595 -0.04926060963895984
-0.0059205703382344925 -0.05145268576367981
-0.006962387436378796 -0.05145268576367981
-0.010087838730811708 -0.05474079995075978
-0.011129655828956012 -0.05474079995075978
-0.013213290025244621 -0.05693287607547973
-0.013213290025244621 -0.05802891413783971
-0.015296924221533163 -0.05802891413783971
-0.01633874131967747 -0.0591249522001997
-0.01633874131967747 -0.06022099026255969
-0.01738055841782177 -0.06131702832491968
-0.018422375515966077 -0.06131702832491968
-0.021547826810398987 -0.06460514251199964
-0.02363146100668753 -0.06460514251199964
-0.02571509520297614 -0.06679721863671963
-0.026756912301120442 -0.06679721863671963
-0.027798729399264747 -0.06789325669907957
-0.027798729399264747 -0.06898929476143957
-0.02884054649740905 -0.06898929476143957
-0.029882363595553355 -0.07008533282379956
-0.030924180693697657 -0.07008533282379956
-0.0330078148899862 -0.07227740894851953
-0.0330078148899862 -0.07337344701087951
-0.03509144908627481 -0.07337344701087951
-0.03821690038070772 -0.07666156119795949
-0.04030053457699633 -0.07666156119795949
-0.042384168773284873 -0.07885363732267944
-0.042384168773284873 -0.07994967538503941
-0.04446780296957348 -0.07994967538503941
-0.04655143716586209 -0.08214175150975939
-0.047593254264006395 -0.08214175150975939
-0.04863507136215069 -0.08323778957211939
-0.049676888460295 -0.08323778957211939
-0.050718705558439235 -0.08433382763447937
-0.050718705558439235 -0.08542986569683934
-0.052802339754727846 -0.08542986569683934
-0.05384415685287215 -0.08652590375919933
-0.05488597395101646 -0.08652590375919933
-0.05696960814730506 -0.0887179798839193
-0.05905324234359364 -0.0887179798839193
-0.062178693638026514 -0.09200609407099926
-0.06426232783431512 -0.09200609407099926
-0.06530414493245942 -0.09310213213335924
-0.06530414493245942 -0.09419817019571923
-0.06634596203060374 -0.09419817019571923
-0.06738777912874801 -0.0952942082580792
-0.06947141332503662 -0.0952942082580792
-0.07051323042318092 -0.09639024632043919
-0.07155504752132519 -0.09639024632043919
-0.07259686461946949 -0.09748628438279919
-0.0746804988157581 -0.09748628438279919
-0.07676413301204668 -0.09967836050751916
-0.07676413301204668 -0.10077439856987913
-0.07988958430647959 -0.10077439856987913
-0.08301503560091247 -0.1040625127569591
-0.08614048689534534 -0.1040625127569591
-0.08822412109163395 -0.10625458888167906
-0.08926593818977825 -0.10625458888167906
-0.09030775528792252 -0.10735062694403905
-0.09239138948421113 -0.10735062694403905
-0.09447502368049972 -0.10954270306875902
-0.09551684077864402 -0.10954270306875902
-0.09655865787678831 -0.11063874113111899
-0.09864229207307693 -0.11063874113111899
-0.0996841091712212 -0.11173477919347899
-0.10072592626936551 -0.11173477919347899
-0.10176774336750981 -0.11283081725583897
-0.10489319466194269 -0.11283081725583897
-0.1069768288582313 -0.11502289338055895
-0.10801864595637557 -0.11502289338055895
-0.10906046305451987 -0.11611893144291892
-0.11218591434895278 -0.11611893144291892
-0.11426954854524136 -0.1183110075676389
-0.11531136564338566 -0.1183110075676389
-0.11635318274152996 -0.11940704562999889
-0.11947863403596284 -0.11940704562999889
-0.12156226823225146 -0.12159912175471885
-0.12364590242854002 -0.12159912175471885
-0.12468771952668434 -0.12269515981707883
-0.1278131708211172 -0.12269515981707883
-0.1288549879192615 -0.12379119787943882
-0.12989680501740583 -0.12379119787943882
-0.1309386221155501 -0.1248872359417988
-0.1319804392136944 -0.1248872359417988
-0.1330222563118387 -0.1259832740041588
-0.134064073409983 -0.1259832740041588
-0.1351058905081273 -0.12707931206651876
-0.1382313418025602 -0.12707931206651876
-0.1392731589007045 -0.12817535012887876
-0.14448224439142598 -0.12817535012887876
-0.14552406148957026 -0.12927138819123876
-0.14656587858771455 -0.12927138819123876
-0.14760769568585885 -0.13036742625359873
-0.14864951278400315 -0.13036742625359873
-0.14969132988214742 -0.1314634643159587
-0.15490041537286892 -0.1314634643159587
-0.15594223247101321 -0.1325595023783187
-0.15698404956915754 -0.1325595023783187
-0.15802586666730184 -0.13365554044067868
-0.1601095008635904 -0.13365554044067868
-0.1611513179617347 -0.13475157850303868
-0.1663604034524562 -0.13475157850303868
-0.1674022205506005 -0.13584761656539865
-0.16844403764874477 -0.13584761656539865
-0.16948585474688907 -0.13694365462775865
-0.1715694889431777 -0.13694365462775865
-0.17261130604132197 -0.13803969269011862
-0.17469494023761056 -0.13803969269011862
-0.17573675733575486 -0.13913573075247862
-0.18198765992462063 -0.13913573075247862
-0.18302947702276492 -0.1402317688148386
-0.18615492831719785 -0.1402317688148386
-0.18719674541534212 -0.14132780687719856
-0.18928037961163072 -0.14132780687719856
-0.19032219670977502 -0.14242384493955856
-0.1986567334949294 -0.14242384493955856
-0.1996985505930737 -0.14351988300191856
-0.21011672157451664 -0.14351988300191856
-0.21115853867266093 -0.14461592106427854
-0.21532580706523813 -0.14461592106427854
-0.21636762416338243 -0.14571195912663854
-0.22053489255595962 -0.14571195912663854
-0.22157670965410392 -0.1468079971889985
-0.23824578322441264 -0.1468079971889985
-0.23928760032255697 -0.1479040352513585
-0.25178940550028855 -0.1479040352513585
-0.2528312225984328 -0.14900007331371845
